MH_3.0_m
12.3
241.5
241.5
241.5
241.5
241.5
12.3
241.5
241.5
241.6
241.6
241.6
12.3
241.6
241.6
241.6
241.6
241.6
12.3
241.6
241.6
241.6
241.6
241.7
12.3
241.7
241.7
241.7
241.7
241.7
12.3
241.7
241.7
241.7
241.7
241.7
12.3
241.7
241.8
241.8
241.8
241.8
12.3
241.8
241.8
241.8
241.8
241.8
12.3
241.8
241.8
241.8
241.9
241.9
12.3
241.9
241.9
241.9
241.9
241.9
12.3
241.9
241.9
241.9
241.9
241.9
12.3
242
242
242
242
242
12.2
242
242
242
242
242
12.2
242
242
242.1
242.1
242.1
12.2
242.1
242.1
242.1
242.1
242.1
12.2
242.1
242.1
242.1
242.1
242.2
12.2
242.2
242.2
242.2
242.2
242.2
12.1
242.2
242.2
242.2
242.2
242.2
12.1
242.2
242.3
242.3
242.3
242.3
12.1
242.3
242.3
242.3
242.3
242.3
12.1
242.3
242.3
242.3
242.4
242.4
12
242.4
242.4
242.4
242.4
242.4
12
242.4
242.4
242.4
242.4
242.4
12
242.5
242.5
242.5
242.5
242.5
12
242.5
242.5
242.5
242.5
242.5
12
242.5
242.5
242.6
242.6
242.6
12.1
242.6
242.6
242.6
242.6
242.6
12.2
242.6
242.6
242.6
242.6
242.7
12.2
242.7
242.7
242.7
242.7
242.7
12.1
242.7
242.7
242.7
242.7
242.7
12.2
242.7
242.8
242.8
242.8
242.8
12.2
242.8
242.8
242.8
242.8
242.8
12.1
242.8
242.8
242.8
242.9
242.9
12.1
242.9
242.9
242.9
242.9
242.9
12
242.9
242.9
242.9
242.9
242.9
12
243
243
243
243
243
12
243
243
243
243
243
11.9
243
243
243.1
243.1
243.1
11.9
243.1
243.1
243.1
243.1
243.1
11.8
243.1
243.1
243.1
243.1
243.2
11.8
243.2
243.2
243.2
243.2
243.2
11.7
243.2
243.2
243.2
243.2
243.2
11.7
243.2
243.3
243.3
243.3
243.3
11.6
243.3
243.3
243.3
243.3
243.3
11.6
243.3
243.3
243.3
243.4
243.4
11.7
243.4
243.4
243.4
243.4
243.4
11.7
243.4
243.4
243.4
243.4
243.4
11.7
243.5
243.5
243.5
243.5
243.5
11.8
243.5
243.5
243.5
243.5
243.5
11.7
243.5
243.5
243.6
243.6
243.6
11.8
243.6
243.6
243.6
243.6
243.6
11.7
243.6
243.6
243.6
243.6
243.7
11.8
243.7
243.7
243.7
243.7
243.7
11.8
243.7
243.7
243.7
243.7
243.7
11.7
243.7
243.8
243.8
243.8
243.8
11.8
243.8
243.8
243.8
243.8
243.8
11.7
243.8
243.8
243.8
243.9
243.9
11.7
243.9
243.9
243.9
243.9
243.9
11.8
243.9
243.9
243.9
243.9
243.9
11.7
244
244
244
244
244
11.7
244
244
244
244
244
11.7
244
244
244.1
244.1
244.1
11.8
244.1
244.1
244.1
244.1
244.1
11.7
244.1
244.1
244.1
244.1
244.2
11.7
244.2
244.2
244.2
244.2
244.2
11.7
244.2
244.2
244.2
244.2
244.2
11.7
244.2
244.3
244.3
244.3
244.3
11.7
244.3
244.3
244.3
244.3
244.3
11.7
244.3
244.3
244.3
244.4
244.4
11.7
244.4
244.4
244.4
244.4
244.4
11.7
244.4
244.4
244.4
244.4
244.4
11.7
244.5
244.5
244.5
244.5
244.5
11.7
244.5
244.5
244.5
244.5
244.5
11.7
244.5
244.5
244.6
244.6
244.6
11.7
244.6
244.6
244.6
244.6
244.6
11.7
244.6
244.6
244.6
244.6
244.7
11.7
244.7
244.7
244.7
244.7
244.7
11.7
244.7
244.7
244.7
244.7
244.7
11.7
244.7
244.8
244.8
244.8
244.8
11.7
244.8
244.8
244.8
244.8
244.8
11.7
244.8
244.8
244.8
244.9
244.9
11.7
244.9
244.9
244.9
244.9
244.9
11.6
244.9
244.9
244.9
244.9
244.9
11.6
245
245
245
245
245
11.7
245
245
245
245
245
11.7
245
245
245.1
245.1
245.1
11.7
245.1
245.1
245.1
245.1
245.1
11.6
245.1
245.1
245.1
245.1
245.2
11.7
245.2
245.2
245.2
245.2
245.2
11.7
245.2
245.2
245.2
245.2
245.2
11.7
245.2
245.3
245.3
245.3
245.3
11.7
245.3
245.3
245.3
245.3
245.3
11.7
245.3
245.3
245.3
245.4
245.4
11.7
245.4
245.4
245.4
245.4
245.4
11.7
245.4
245.4
245.4
245.4
245.4
11.7
245.5
245.5
245.5
245.5
245.5
11.7
245.5
245.5
245.5
245.5
245.5
11.7
245.5
245.5
245.6
245.6
245.6
11.7
245.6
245.6
245.6
245.6
245.6
11.7
245.6
245.6
245.6
245.6
245.7
11.7
245.7
245.7
245.7
245.7
245.7
11.7
245.7
245.7
245.7
245.7
245.7
11.7
245.7
245.8
245.8
245.8
245.8
11.7
245.8
245.8
245.8
245.8
245.8
11.7
245.8
245.8
245.8
245.9
245.9
11.7
245.9
245.9
245.9
245.9
245.9
11.7
245.9
245.9
245.9
245.9
245.9
11.6
246
246
246
246
246
11.6
246
246
246
246
246
11.6
246
246
246.1
246.1
246.1
11.5
246.1
246.1
246.1
246.1
246.1
11.5
246.1
246.1
246.1
246.1
246.2
11.4
246.2
246.2
246.2
246.2
246.2
11.4
246.2
246.2
246.2
246.2
246.2
11.3
246.2
246.3
246.3
246.3
246.3
11.3
246.3
246.3
246.3
246.3
246.3
11.3
246.3
246.3
246.3
246.4
246.4
11.3
246.4
246.4
246.4
246.4
246.4
11.3
246.4
246.4
246.4
246.4
246.4
11.3
246.5
246.5
246.5
246.5
246.5
11.3
246.5
246.5
246.5
246.5
246.5
11.3
246.5
246.5
246.6
246.6
246.6
11.3
246.6
246.6
246.6
246.6
246.6
11.3
246.6
246.6
246.6
246.6
246.7
11.5
246.7
246.7
246.7
246.7
246.7
11.6
246.7
246.7
246.7
246.7
246.7
11.4
246.7
246.8
246.8
246.8
246.8
11.4
246.8
246.8
246.8
246.8
246.8
11.5
246.8
246.8
246.8
246.9
246.9
11.3
246.9
246.9
246.9
246.9
246.9
11.4
246.9
246.9
246.9
246.9
246.9
11.3
247
247
247
247
247
11.3
247
247
247
247
247
11.3
247
247
247.1
247.1
247.1
11.2
247.1
247.1
247.1
247.1
247.1
11.2
247.1
247.1
247.1
247.1
247.2
11.2
247.2
247.2
247.2
247.2
247.2
11.1
247.2
247.2
247.2
247.2
247.2
11.1
247.2
247.3
247.3
247.3
247.3
11
247.3
247.3
247.3
247.3
247.3
11
247.3
247.3
247.3
247.4
247.4
11
247.4
247.4
247.4
247.4
247.4
11
247.4
247.4
247.4
247.4
247.4
11
247.5
247.5
247.5
247.5
247.5
11
247.5
247.5
247.5
247.5
247.5
11.1
247.5
247.5
247.6
247.6
247.6
11.1
247.6
247.6
247.6
247.6
247.6
11
247.6
247.6
247.6
247.6
247.7
11
247.7
247.7
247.7
247.7
247.7
11
247.7
247.7
247.7
247.7
247.7
11
247.7
247.8
247.8
247.8
247.8
11
247.8
247.8
247.8
247.8
247.8
11
247.8
247.8
247.8
247.9
247.9
11
247.9
247.9
247.9
247.9
247.9
11
247.9
247.9
247.9
247.9
247.9
10.9
248
248
248
248
248
10.9
248
248
248
248
248
10.9
248
248
248.1
248.1
248.1
10.9
248.1
248.1
248.1
248.1
248.1
10.9
248.1
248.1
248.1
248.1
248.2
10.9
248.2
248.2
248.2
248.2
248.2
10.8
248.2
248.2
248.2
248.2
248.2
10.8
248.2
248.3
248.3
248.3
248.3
10.8
248.3
248.3
248.3
248.3
248.3
10.7
248.3
248.3
248.3
248.4
248.4
10.7
248.4
248.4
248.4
248.4
248.4
10.7
248.4
248.4
248.4
248.4
248.4
10.7
248.5
248.5
248.5
248.5
248.5
10.7
248.5
248.5
248.5
248.5
248.5
10.7
248.5
248.5
248.6
248.6
248.6
10.6
248.6
248.6
248.6
248.6
248.6
10.6
248.6
248.6
248.6
248.6
248.7
10.6
248.7
248.7
248.7
248.7
248.7
10.6
248.7
248.7
248.7
248.7
248.7
10.7
248.7
248.8
248.8
248.8
248.8
10.6
248.8
248.8
248.8
248.8
248.8
10.6
248.8
248.8
248.8
248.9
248.9
10.7
248.9
248.9
248.9
248.9
248.9
10.5
248.9
248.9
248.9
248.9
248.9
10.5
249
249
249
249
249
10.5
249
249
249
249
249
10.5
249
249
249.1
249.1
249.1
10.5
249.1
249.1
249.1
249.1
249.1
10.4
249.1
249.1
249.1
249.1
249.2
10.4
249.2
249.2
249.2
249.2
249.2
10.4
249.2
249.2
249.2
249.2
249.2
10.3
249.2
249.3
249.3
249.3
249.3
10.3
249.3
249.3
249.3
249.3
249.3
10.3
249.3
249.3
249.3
249.4
249.4
10.3
249.4
249.4
249.4
249.4
249.4
10.3
249.4
249.4
249.4
249.4
249.4
10.2
249.5
249.5
249.5
249.5
249.5
10.3
249.5
249.5
249.5
249.5
249.5
10.3
249.5
249.5
249.6
249.6
249.6
10.2
249.6
249.6
249.6
249.6
249.6
10.2
249.6
249.6
249.6
249.6
249.7
10.2
249.7
249.7
249.7
249.7
249.7
10.2
249.7
249.7
249.7
249.7
249.7
10.2
249.7
249.8
249.8
249.8
249.8
10.3
249.8
249.8
249.8
249.8
249.8
10.3
249.8
249.8
249.8
249.9
249.9
10.2
249.9
249.9
249.9
249.9
249.9
10.3
249.9
249.9
249.9
249.9
249.9
10.3
250
250
250
250
250
10.2
250
250
250
250
250
10.2
250
250
250.1
250.1
250.1
10.2
250.1
250.1
250.1
250.1
250.1
10.2
250.1
250.1
250.1
250.1
250.2
10.1
250.2
250.2
250.2
250.2
250.2
10.1
250.2
250.2
250.2
250.2
250.2
10.1
250.2
250.3
250.3
250.3
250.3
10.1
250.3
250.3
250.3
250.3
250.3
10.1
250.3
250.3
250.3
250.4
250.4
10.1
250.4
250.4
250.4
250.4
250.4
10.1
250.4
250.4
250.4
250.4
250.4
10.1
250.5
250.5
250.5
250.5
250.5
10.1
250.5
250.5
250.5
250.5
250.5
10.1
250.5
250.5
250.6
250.6
250.6
10
250.6
250.6
250.6
250.6
250.6
10
250.6
250.6
250.6
250.6
250.7
10.1
250.7
250.7
250.7
250.7
250.7
10
250.7
250.7
250.7
250.7
250.7
10.1
250.7
250.8
250.8
250.8
250.8
10.1
250.8
250.8
250.8
250.8
250.8
10.1
250.8
250.8
250.8
250.9
250.9
10.1
250.9
250.9
250.9
250.9
250.9
10.1
250.9
250.9
250.9
250.9
250.9
10.1
251
251
251
251
251
10
251
251
251
251
251
10
251
251
251.1
251.1
251.1
10
251.1
251.1
251.1
251.1
251.1
10
251.1
251.1
251.1
251.1
251.2
10.1
251.2
251.2
251.2
251.2
251.2
10
251.2
251.2
251.2
251.2
251.2
10
251.2
251.3
251.3
251.3
251.3
10
251.3
251.3
251.3
251.3
251.3
10
251.3
251.3
251.3
251.4
251.4
10
251.4
251.4
251.4
251.4
251.4
10
251.4
251.4
251.4
251.4
251.4
10
251.5
251.5
251.5
251.5
251.5
10
251.5
251.5
251.5
251.5
251.5
10
251.5
251.5
251.6
251.6
251.6
10
251.6
251.6
251.6
251.6
251.6
10
251.6
251.6
251.6
251.6
251.7
10
251.7
251.7
251.7
251.7
251.7
10
251.7
251.7
251.7
251.7
251.7
10
251.7
251.8
251.8
251.8
251.8
10
251.8
251.8
251.8
251.8
251.8
10
251.8
251.8
251.8
251.9
251.9
10
251.9
251.9
251.9
251.9
251.9
10
251.9
251.9
251.9
251.9
251.9
10
252
252
252
252
252
10.2
252
252
252
252
252
10.2
252
252
252.1
252.1
252.1
10.1
252.1
252.1
252.1
252.1
252.1
10.1
252.1
252.1
252.1
252.1
252.2
10
252.2
252.2
252.2
252.2
252.2
10
252.2
252.2
252.2
252.2
252.2
10
252.2
252.3
252.3
252.3
252.3
9.9
252.3
252.3
252.3
252.3
252.3
9.9
252.3
252.3
252.3
252.4
252.4
9.9
252.4
252.4
252.4
252.4
252.4
9.9
252.4
252.4
252.4
252.4
252.4
10
252.5
252.5
252.5
252.5
252.5
9.9
252.5
252.5
252.5
252.5
252.5
10
252.5
252.5
252.6
252.6
252.6
10.2
252.6
252.6
252.6
252.6
252.6
10.3
252.6
252.6
252.6
252.6
252.7
10.3
252.7
252.7
252.7
252.7
252.7
9.7
252.7
252.7
252.7
252.7
252.7
10.4
252.7
252.8
252.8
252.8
252.8
10.4
252.8
252.8
252.8
252.8
252.8
10.3
252.8
252.8
252.8
252.9
252.9
10.3
252.9
252.9
252.9
252.9
252.9
10.3
252.9
252.9
252.9
252.9
252.9
10.3
253
253
253
253
253
10.2
253
253
253
253
253
10.2
253
253
253.1
253.1
253.1
10.1
253.1
253.1
253.1
253.1
253.1
10.1
253.1
253.1
253.1
253.1
253.2
10
253.2
253.2
253.2
253.2
253.2
9.9
253.2
253.2
253.2
253.2
253.2
9.9
253.2
253.3
253.3
253.3
253.3
9.8
253.3
253.3
253.3
253.3
253.3
9.8
253.3
253.3
253.3
253.4
253.4
9.7
253.4
253.4
253.4
253.4
253.4
9.7
253.4
253.4
253.4
253.4
253.4
9.7
253.5
253.5
253.5
253.5
253.5
9.6
253.5
253.5
253.5
253.5
253.5
9.6
253.5
253.5
253.6
253.6
253.6
9.5
253.6
253.6
253.6
253.6
253.6
9.5
253.6
253.6
253.6
253.6
253.7
9.5
253.7
253.7
253.7
253.7
253.7
9.5
253.7
253.7
253.7
253.7
253.7
9.5
253.7
253.8
253.8
253.8
253.8
9.5
253.8
253.8
253.8
253.8
253.8
9.4
253.8
253.8
253.8
253.9
253.9
9.4
253.9
253.9
253.9
253.9
253.9
9.4
253.9
253.9
253.9
253.9
253.9
9.4
254
254
254
254
254
9.3
254
254
254
254
254
9.3
254
254
254.1
254.1
254.1
9.3
254.1
254.1
254.1
254.1
254.1
9.3
254.1
254.1
254.1
254.1
254.2
9.3
254.2
254.2
254.2
254.2
254.2
9.2
254.2
254.2
254.2
254.2
254.2
9.2
254.2
254.3
254.3
254.3
254.3
9.2
254.3
254.3
254.3
254.3
254.3
9.2
254.3
254.3
254.3
254.4
254.4
9.2
254.4
254.4
254.4
254.4
254.4
9.2
254.4
254.4
254.4
254.4
254.4
9.2
254.5
254.5
254.5
254.5
254.5
9.2
254.5
254.5
254.5
254.5
254.5
9.1
254.5
254.5
254.6
254.6
254.6
9.2
254.6
254.6
254.6
254.6
254.6
9.2
254.6
254.6
254.6
254.6
254.7
9.1
254.7
254.7
254.7
254.7
254.7
9.1
254.7
254.7
254.7
254.7
254.7
9.2
254.7
254.8
254.8
254.8
254.8
9.1
254.8
254.8
254.8
254.8
254.8
9.1
254.8
254.8
254.8
254.9
254.9
9.1
254.9
254.9
254.9
254.9
254.9
9.2
254.9
254.9
254.9
254.9
254.9
9.2
255
255
255
255
255
9.1
255
255
255
255
255
9.1
255
255
255.1
255.1
255.1
9
255.1
255.1
255.1
255.1
255.1
9
255.1
255.1
255.1
255.1
255.2
9
255.2
255.2
255.2
255.2
255.2
9
255.2
255.2
255.2
255.2
255.2
8.9
255.2
255.3
255.3
255.3
255.3
8.9
255.3
255.3
255.3
255.3
255.3
8.9
255.3
255.3
255.3
255.4
255.4
8.9
255.4
255.4
255.4
255.4
255.4
8.9
255.4
255.4
255.4
255.4
255.4
9
255.5
255.5
255.5
255.5
255.5
9
255.5
255.5
255.5
255.5
255.5
9.1
255.5
255.5
255.6
255.6
255.6
9
255.6
255.6
255.6
255.6
255.6
9
255.6
255.6
255.6
255.6
255.7
9
255.7
255.7
255.7
255.7
255.7
9
255.7
255.7
255.7
255.7
255.7
9
255.7
255.8
255.8
255.8
255.8
9
255.8
255.8
255.8
255.8
255.8
9
255.8
255.8
255.8
255.9
255.9
9
255.9
255.9
255.9
255.9
255.9
9
255.9
255.9
255.9
255.9
255.9
9
256
256
256
256
256
9
256
256
256
256
256
8.9
256
256
256.1
256.1
256.1
8.9
256.1
256.1
256.1
256.1
256.1
8.9
256.1
256.1
256.1
256.1
256.2
8.9
256.2
256.2
256.2
256.2
256.2
8.9
256.2
256.2
256.2
256.2
256.2
8.9
256.2
256.3
256.3
256.3
256.3
8.9
256.3
256.3
256.3
256.3
256.3
8.9
256.3
256.3
256.3
256.4
256.4
8.8
256.4
256.4
256.4
256.4
256.4
8.9
256.4
256.4
256.4
256.4
256.4
8.8
256.5
256.5
256.5
256.5
256.5
8.8
256.5
256.5
256.5
256.5
256.5
8.9
256.5
256.5
256.6
256.6
256.6
8.8
256.6
256.6
256.6
256.6
256.6
8.8
256.6
256.6
256.6
256.6
256.7
8.8
256.7
256.7
256.7
256.7
256.7
8.8
256.7
256.7
256.7
256.7
256.7
8.9
256.7
256.8
256.8
256.8
256.8
9.1
256.8
256.8
256.8
256.8
256.8
9.1
256.8
256.8
256.8
256.9
256.9
9.2
256.9
256.9
256.9
256.9
256.9
9.1
256.9
256.9
256.9
256.9
256.9
9
257
257
257
257
257
9
257
257
257
257
257
8.9
257
257
257.1
257.1
257.1
8.9
257.1
257.1
257.1
257.1
257.1
8.8
257.1
257.1
257.1
257.1
257.2
8.8
257.2
257.2
257.2
257.2
257.2
8.8
257.2
257.2
257.2
257.2
257.2
8.7
257.2
257.3
257.3
257.3
257.3
8.7
257.3
257.3
257.3
257.3
257.3
8.7
257.3
257.3
257.3
257.4
257.4
8.7
257.4
257.4
257.4
257.4
257.4
8.7
257.4
257.4
257.4
257.4
257.4
8.7
257.5
257.5
257.5
257.5
257.5
8.7
257.5
257.5
257.5
257.5
257.5
8.7
257.5
257.5
257.6
257.6
257.6
8.8
257.6
257.6
257.6
257.6
257.6
8.8
257.6
257.6
257.6
257.6
257.7
8.8
257.7
257.7
257.7
257.7
257.7
8.8
257.7
257.7
257.7
257.7
257.7
8.8
257.7
257.8
257.8
257.8
257.8
8.8
257.8
257.8
257.8
257.8
257.8
8.7
257.8
257.8
257.8
257.9
257.9
8.7
257.9
257.9
257.9
257.9
257.9
8.7
257.9
257.9
257.9
257.9
257.9
8.6
258
258
258
258
258
8.6
258
258
258
258
258
8.6
258
258
258.1
258.1
258.1
8.5
258.1
258.1
258.1
258.1
258.1
8.5
258.1
258.1
258.1
258.1
258.2
8.5
258.2
258.2
258.2
258.2
258.2
8.4
258.2
258.2
258.2
258.2
258.2
8.4
258.2
258.3
258.3
258.3
258.3
8.4
258.3
258.3
258.3
258.3
258.3
8.4
258.3
258.3
258.3
258.4
258.4
8.4
258.4
258.4
258.4
258.4
258.4
8.4
258.4
258.4
258.4
258.4
258.4
8.4
258.5
258.5
258.5
258.5
258.5
8.4
258.5
258.5
258.5
258.5
258.5
8.4
258.5
258.5
258.6
258.6
258.6
8.4
258.6
258.6
258.6
258.6
258.6
8.4
258.6
258.6
258.6
258.6
258.7
8.4
258.7
258.7
258.7
258.7
258.7
8.5
258.7
258.7
258.7
258.7
258.7
8.4
258.7
258.8
258.8
258.8
258.8
8.5
258.8
258.8
258.8
258.8
258.8
8.4
258.8
258.8
258.8
258.9
258.9
8.4
258.9
258.9
258.9
258.9
258.9
8.4
258.9
258.9
258.9
258.9
258.9
8.4
259
259
259
259
259
8.4
259
259
259
259
259
8.4
259
259
259.1
259.1
259.1
8.4
259.1
259.1
259.1
259.1
259.1
8.3
259.1
259.1
259.1
259.1
259.2
8.3
259.2
259.2
259.2
259.2
259.2
8.3
259.2
259.2
259.2
259.2
259.2
8.3
259.2
259.3
259.3
259.3
259.3
8.2
259.3
259.3
259.3
259.3
259.3
8.2
259.3
259.3
259.3
259.4
259.4
8.2
259.4
259.4
259.4
259.4
259.4
8.2
259.4
259.4
259.4
259.4
259.4
8.3
259.5
259.5
259.5
259.5
259.5
8.3
259.5
259.5
259.5
259.5
259.5
8.3
259.5
259.5
259.6
259.6
259.6
8.3
259.6
259.6
259.6
259.6
259.6
8.5
259.6
259.6
259.6
259.6
259.7
8.4
259.7
259.7
259.7
259.7
259.7
8.4
259.7
259.7
259.7
259.7
259.7
8.3
259.7
259.8
259.8
259.8
259.8
8.3
259.8
259.8
259.8
259.8
259.8
8.3
259.8
259.8
259.8
259.9
259.9
8.2
259.9
259.9
259.9
259.9
259.9
8.2
259.9
259.9
259.9
259.9
259.9
8.1
260
260
260
260
260
8
260
260
260
260
260
8
260
260
260.1
260.1
260.1
7.9
260.1
260.1
260.1
260.1
260.1
7.9
260.1
260.1
260.1
260.1
260.2
7.8
260.2
260.2
260.2
260.2
260.2
7.7
260.2
260.2
260.2
260.2
260.2
7.6
260.2
260.3
260.3
260.3
260.3
7.5
260.3
260.3
260.3
260.3
260.3
7.4
260.3
260.3
260.3
260.4
260.4
7.4
260.4
260.4
260.4
260.4
260.4
7.3
260.4
260.4
260.4
260.4
260.4
7.3
260.5
260.5
260.5
260.5
260.5
7.4
260.5
260.5
260.5
260.5
260.5
7.4
260.5
260.5
260.6
260.6
260.6
7.4
260.6
260.6
260.6
260.6
260.6
7.4
260.6
260.6
260.6
260.6
260.7
7.3
260.7
260.7
260.7
260.7
260.7
7.3
260.7
260.7
260.7
260.7
260.7
7.2
260.7
260.8
260.8
260.8
260.8
7.1
260.8
260.8
260.8
260.8
260.8
7.1
260.8
260.8
260.8
260.9
260.9
7
260.9
260.9
260.9
260.9
260.9
6.9
260.9
260.9
260.9
260.9
260.9
6.9
261
261
261
261
261
6.8
261
261
261
261
261
6.6
261
261
261.1
261.1
261.1
6.6
261.1
261.1
261.1
261.1
261.1
6.6
261.1
261.1
261.1
261.1
261.2
6.5
261.2
261.2
261.2
261.2
261.2
6.5
261.2
261.2
261.2
261.2
261.2
6.4
261.2
261.3
261.3
261.3
261.3
6.4
261.3
261.3
261.3
261.3
261.3
6.3
261.3
261.3
261.3
261.4
261.4
6.3
261.4
261.4
261.4
261.4
261.4
6.3
261.4
261.4
261.4
261.4
261.4
6.3
261.5
261.5
261.5
261.5
261.5
6.3
261.5
261.5
261.5
261.5
261.5
6.3
261.5
261.5
261.6
261.6
261.6
6.3
261.6
261.6
261.6
261.6
261.6
6.3
261.6
261.6
261.6
261.6
261.7
6.4
261.7
261.7
261.7
261.7
261.7
6.3
261.7
261.7
261.7
261.7
261.7
6.3
261.7
261.8
261.8
261.8
261.8
6.3
261.8
261.8
261.8
261.8
261.8
6.3
261.8
261.8
261.8
261.9
261.9
6.3
261.9
261.9
261.9
261.9
261.9
6.3
261.9
261.9
261.9
261.9
261.9
6.2
262
262
262
262
262
6.2
262
262
262
262
262
6.2
262
262
262.1
262.1
262.1
6.2
262.1
262.1
262.1
262.1
262.1
6.2
262.1
262.1
262.1
262.1
262.2
6.2
262.2
262.2
262.2
262.2
262.2
6.2
262.2
262.2
262.2
262.2
262.2
6.2
262.2
262.3
262.3
262.3
262.3
6.2
262.3
262.3
262.3
262.3
262.3
6.2
262.3
262.3
262.3
262.4
262.4
6.2
262.4
262.4
262.4
262.4
262.4
6.2
262.4
262.4
262.4
262.4
262.4
6.2
262.5
262.5
262.5
262.5
262.5
6.2
262.5
262.5
262.5
262.5
262.5
6.2
262.5
262.5
262.6
262.6
262.6
6.2
262.6
262.6
262.6
262.6
262.6
6.2
262.6
262.6
262.6
262.6
262.7
6.2
262.7
262.7
262.7
262.7
262.7
6.3
262.7
262.7
262.7
262.7
262.7
6.3
262.7
262.8
262.8
262.8
262.8
6.4
262.8
262.8
262.8
262.8
262.8
6.2
262.8
262.8
262.8
262.9
262.9
6.3
262.9
262.9
262.9
262.9
262.9
6.3
262.9
262.9
262.9
262.9
262.9
6.2
263
263
263
263
263
6.2
263
263
263
263
263
6.2
263
263
263.1
263.1
263.1
6.2
263.1
263.1
263.1
263.1
263.1
6.2
263.1
263.1
263.1
263.1
263.2
6.2
263.2
263.2
263.2
263.2
263.2
6.2
263.2
263.2
263.2
263.2
263.2
6.2
263.2
263.3
263.3
263.3
263.3
6.2
263.3
263.3
263.3
263.3
263.3
6.3
263.3
263.3
263.3
263.4
263.4
6.3
263.4
263.4
263.4
263.4
263.4
6.5
263.4
263.4
263.4
263.4
263.4
6.3
263.5
263.5
263.5
263.5
263.5
6.4
263.5
263.5
263.5
263.5
263.5
6.5
263.5
263.5
263.6
263.6
263.6
6.4
263.6
263.6
263.6
263.6
263.6
6.4
263.6
263.6
263.6
263.6
263.7
6.5
263.7
263.7
263.7
263.7
263.7
6.7
263.7
263.7
263.7
263.7
263.7
6.6
263.7
263.8
263.8
263.8
263.8
6.8
263.8
263.8
263.8
263.8
263.8
6.6
263.8
263.8
263.8
263.9
263.9
6.6
263.9
263.9
263.9
263.9
263.9
6.6
263.9
263.9
263.9
263.9
263.9
7.1
264
264
264
264
264
7
264
264
264
264
264
7
264
264
264.1
264.1
264.1
6.9
264.1
264.1
264.1
264.1
264.1
6.8
264.1
264.1
264.1
264.1
264.2
6.7
264.2
264.2
264.2
264.2
264.2
6.7
264.2
264.2
264.2
264.2
264.2
6.6
264.2
264.3
264.3
264.3
264.3
6.6
264.3
264.3
264.3
264.3
264.3
6.6
264.3
264.3
264.3
264.4
264.4
6.6
264.4
264.4
264.4
264.4
264.4
6.6
264.4
264.4
264.4
264.4
264.4
6.6
264.5
264.5
264.5
264.5
264.5
6.6
264.5
264.5
264.5
264.5
264.5
6.6
264.5
264.5
264.6
264.6
264.6
6.6
264.6
264.6
264.6
264.6
264.6
6.6
264.6
264.6
264.6
264.6
264.7
6.6
264.7
264.7
264.7
264.7
264.7
6.7
264.7
264.7
264.7
264.7
264.7
6.7
264.7
264.8
264.8
264.8
264.8
6.7
264.8
264.8
264.8
264.8
264.8
6.7
264.8
264.8
264.8
264.9
264.9
6.6
264.9
264.9
264.9
264.9
264.9
6.6
264.9
264.9
264.9
264.9
264.9
6.6
265
265
265
265
265
6.6
265
265
265
265
265
6.6
265
265
265.1
265.1
265.1
6.6
265.1
265.1
265.1
265.1
265.1
6.6
265.1
265.1
265.1
265.1
265.2
6.5
265.2
265.2
265.2
265.2
265.2
6.5
265.2
265.2
265.2
265.2
265.2
6.5
265.2
265.3
265.3
265.3
265.3
6.5
265.3
265.3
265.3
265.3
265.3
6.5
265.3
265.3
265.3
265.4
265.4
6.5
265.4
265.4
265.4
265.4
265.4
6.6
265.4
265.4
265.4
265.4
265.4
6.6
265.5
265.5
265.5
265.5
265.5
6.7
265.5
265.5
265.5
265.5
265.5
6.7
265.5
265.5
265.6
265.6
265.6
6.8
265.6
265.6
265.6
265.6
265.6
6.8
265.6
265.6
265.6
265.6
265.7
6.8
265.7
265.7
265.7
265.7
265.7
6.8
265.7
265.7
265.7
265.7
265.7
6.8
265.7
265.8
265.8
265.8
265.8
6.8
265.8
265.8
265.8
265.8
265.8
6.8
265.8
265.8
265.8
265.9
265.9
6.9
265.9
265.9
265.9
265.9
265.9
6.8
265.9
265.9
265.9
265.9
265.9
6.8
266
266
266
266
266
6.8
266
266
266
266
266
6.8
266
266
266.1
266.1
266.1
6.8
266.1
266.1
266.1
266.1
266.1
6.8
266.1
266.1
266.1
266.1
266.2
6.8
266.2
266.2
266.2
266.2
266.2
6.8
266.2
266.2
266.2
266.2
266.2
6.8
266.2
266.3
266.3
266.3
266.3
6.7
266.3
266.3
266.3
266.3
266.3
6.7
266.3
266.3
266.3
266.4
266.4
6.7
266.4
266.4
266.4
266.4
266.4
6.7
266.4
266.4
266.4
266.4
266.4
6.7
266.5
266.5
266.5
266.5
266.5
6.8
266.5
266.5
266.5
266.5
266.5
6.8
266.5
266.5
266.6
266.6
266.6
6.8
266.6
266.6
266.6
266.6
266.6
6.8
266.6
266.6
266.6
266.6
266.7
6.8
266.7
266.7
266.7
266.7
266.7
6.8
266.7
266.7
266.7
266.7
266.7
6.8
266.7
266.8
266.8
266.8
266.8
6.8
266.8
266.8
266.8
266.8
266.8
6.7
266.8
266.8
266.8
266.9
266.9
6.7
266.9
266.9
266.9
266.9
266.9
6.7
266.9
266.9
266.9
266.9
266.9
6.6
267
267
267
267
267
6.6
267
267
267
267
267
6.5
267
267
267.1
267.1
267.1
6.5
267.1
267.1
267.1
267.1
267.1
6.4
267.1
267.1
267.1
267.1
267.2
6.4
267.2
267.2
267.2
267.2
267.2
6.4
267.2
267.2
267.2
267.2
267.2
6.3
267.2
267.3
267.3
267.3
267.3
6.3
267.3
267.3
267.3
267.3
267.3
6.2
267.3
267.3
267.3
267.4
267.4
6.2
267.4
267.4
267.4
267.4
267.4
6.2
267.4
267.4
267.4
267.4
267.4
6.2
267.5
267.5
267.5
267.5
267.5
6.2
267.5
267.5
267.5
267.5
267.5
6.2
267.5
267.5
267.6
267.6
267.6
6.2
267.6
267.6
267.6
267.6
267.6
6.1
267.6
267.6
267.6
267.6
267.7
6.1
267.7
267.7
267.7
267.7
267.7
6.1
267.7
267.7
267.7
267.7
267.7
6.1
267.7
267.8
267.8
267.8
267.8
6.1
267.8
267.8
267.8
267.8
267.8
6
267.8
267.8
267.8
267.9
267.9
6
267.9
267.9
267.9
267.9
267.9
6
267.9
267.9
267.9
267.9
267.9
5.9
268
268
268
268
268
5.9
268
268
268
268
268
5.8
268
268
268.1
268.1
268.1
5.8
268.1
268.1
268.1
268.1
268.1
5.7
268.1
268.1
268.1
268.1
268.2
5.6
268.2
268.2
268.2
268.2
268.2
5.6
268.2
268.2
268.2
268.2
268.2
5.5
268.2
268.3
268.3
268.3
268.3
5.4
268.3
268.3
268.3
268.3
268.3
5.4
268.3
268.3
268.3
268.4
268.4
5.3
268.4
268.4
268.4
268.4
268.4
5.3
268.4
268.4
268.4
268.4
268.4
5.3
268.5
268.5
268.5
268.5
268.5
5.3
268.5
268.5
268.5
268.5
268.5
5.4
268.5
268.5
268.6
268.6
268.6
5.4
268.6
268.6
268.6
268.6
268.6
5.4
268.6
268.6
268.6
268.6
268.7
5.4
268.7
268.7
268.7
268.7
268.7
5.4
268.7
268.7
268.7
268.7
268.7
5.4
268.7
268.8
268.8
268.8
268.8
5.4
268.8
268.8
268.8
268.8
268.8
5.4
268.8
268.8
268.8
268.9
268.9
5.4
268.9
268.9
268.9
268.9
268.9
5.4
268.9
268.9
268.9
268.9
268.9
5.3
269
269
269
269
269
5.4
269
269
269
269
269
5.4
269
269
269.1
269.1
269.1
5.4
269.1
269.1
269.1
269.1
269.1
5.4
269.1
269.1
269.1
269.1
269.2
5.4
269.2
269.2
269.2
269.2
269.2
5.4
269.2
269.2
269.2
269.2
269.2
5.4
269.2
269.3
269.3
269.3
269.3
5.4
269.3
269.3
269.3
269.3
269.3
5.4
269.3
269.3
269.3
269.4
269.4
5.4
269.4
269.4
269.4
269.4
269.4
5.4
269.4
269.4
269.4
269.4
269.4
5.4
269.5
269.5
269.5
269.5
269.5
5.4
269.5
269.5
269.5
269.5
269.5
5.5
269.5
269.5
269.6
269.6
269.6
5.6
269.6
269.6
269.6
269.6
269.6
5.6
269.6
269.6
269.6
269.6
269.7
5.6
269.7
269.7
269.7
269.7
269.7
5.6
269.7
269.7
269.7
269.7
269.7
5.6
269.7
269.8
269.8
269.8
269.8
5.6
269.8
269.8
269.8
269.8
269.8
5.5
269.8
269.8
269.8
269.9
269.9
5.5
269.9
269.9
269.9
269.9
269.9
5.5
269.9
269.9
269.9
269.9
269.9
5.5
270
270
270
270
270
5.5
270
270
270
270
270
5.4
270
270
270.1
270.1
270.1
5.4
270.1
270.1
270.1
270.1
270.1
5.4
270.1
270.1
270.1
270.1
270.2
5.4
270.2
270.2
270.2
270.2
270.2
5.3
270.2
270.2
270.2
270.2
270.2
5.3
270.2
270.3
270.3
270.3
270.3
5.3
270.3
270.3
270.3
270.3
270.3
5.3
270.3
270.3
270.3
270.4
270.4
5.3
270.4
270.4
270.4
270.4
270.4
5.3
270.4
270.4
270.4
270.4
270.4
5.3
270.5
270.5
270.5
270.5
270.5
5.3
270.5
270.5
270.5
270.5
270.5
5.3
270.5
270.5
270.6
270.6
270.6
5.3
270.6
270.6
270.6
270.6
270.6
5.3
270.6
270.6
270.6
270.6
270.7
5.4
270.7
270.7
270.7
270.7
270.7
5.3
270.7
270.7
270.7
270.7
270.7
5.3
270.7
270.8
270.8
270.8
270.8
5.3
270.8
270.8
270.8
270.8
270.8
5.2
270.8
270.8
270.8
270.9
270.9
5.2
270.9
270.9
270.9
270.9
270.9
5.2
270.9
270.9
270.9
270.9
270.9
5.2
271
271
271
271
271
5.1
271
271
271
271
271
5
271
271
271.1
271.1
271.1
5.1
271.1
271.1
271.1
271.1
271.1
5
271.1
271.1
271.1
271.1
271.2
5
271.2
271.2
271.2
271.2
271.2
4.9
271.2
271.2
271.2
271.2
271.2
4.8
271.2
271.3
271.3
271.3
271.3
4.8
271.3
271.3
271.3
271.3
271.3
4.8
271.3
271.3
271.3
271.4
271.4
4.8
271.4
271.4
271.4
271.4
271.4
4.8
271.4
271.4
271.4
271.4
271.4
4.8
271.5
271.5
271.5
271.5
271.5
4.8
271.5
271.5
271.5
271.5
271.5
4.8
271.5
271.5
271.6
271.6
271.6
4.8
271.6
271.6
271.6
271.6
271.6
4.8
271.6
271.6
271.6
271.6
271.7
4.8
271.7
271.7
271.7
271.7
271.7
4.8
271.7
271.7
271.7
271.7
271.7
4.7
271.7
271.8
271.8
271.8
271.8
4.7
271.8
271.8
271.8
271.8
271.8
4.7
271.8
271.8
271.8
271.9
271.9
4.6
271.9
271.9
271.9
271.9
271.9
4.6
271.9
271.9
271.9
271.9
271.9
4.5
272
272
272
272
272
4.5
272
272
272
272
272
4.4
272
272
272.1
272.1
272.1
4.4
272.1
272.1
272.1
272.1
272.1
4.3
272.1
272.1
272.1
272.1
272.2
4.3
272.2
272.2
272.2
272.2
272.2
4.3
272.2
272.2
272.2
272.2
272.2
4.2
272.2
272.3
272.3
272.3
272.3
4.1
272.3
272.3
272.3
272.3
272.3
4.1
272.3
272.3
272.3
272.4
272.4
4.1
272.4
272.4
272.4
272.4
272.4
4
272.4
272.4
272.4
272.4
272.4
4
272.5
272.5
272.5
272.5
272.5
4
272.5
272.5
272.5
272.5
272.5
4
272.5
272.5
272.6
272.6
272.6
4
272.6
272.6
272.6
272.6
272.6
4
272.6
272.6
272.6
272.6
272.7
4
272.7
272.7
272.7
272.7
272.7
3.9
272.7
272.7
272.7
272.7
272.7
3.9
272.7
272.8
272.8
272.8
272.8
3.9
272.8
272.8
272.8
272.8
272.8
3.8
272.8
272.8
272.8
272.9
272.9
3.7
272.9
272.9
272.9
272.9
272.9
3.7
272.9
272.9
272.9
272.9
272.9
3.7
273
273
273
273
273
3.7
273
273
273
273
273
3.6
273
273
273.1
273.1
273.1
3.5
273.1
273.1
273.1
273.1
273.1
3.5
273.1
273.1
273.1
273.1
273.2
3.4
273.2
273.2
273.2
273.2
273.2
3.4
273.2
273.2
273.2
273.2
273.2
3.4
273.2
273.3
273.3
273.3
273.3
3.3
273.3
273.3
273.3
273.3
273.3
3.3
273.3
273.3
273.3
273.4
273.4
3.3
273.4
273.4
273.4
273.4
273.4
3.2
273.4
273.4
273.4
273.4
273.4
3.2
273.5
273.5
273.5
273.5
273.5
3.2
273.5
273.5
273.5
273.5
273.5
3.2
273.5
273.5
273.6
273.6
273.6
3.2
273.6
273.6
273.6
273.6
273.6
3.2
273.6
273.6
273.6
273.6
273.7
3.3
273.7
273.7
273.7
273.7
273.7
3.3
273.7
273.7
273.7
273.7
273.7
3.2
273.7
273.8
273.8
273.8
273.8
3.2
273.8
273.8
273.8
273.8
273.8
3.2
273.8
273.8
273.8
273.9
273.9
3.1
273.9
273.9
273.9
273.9
273.9
3.1
273.9
273.9
273.9
273.9
273.9
3.1
274
274
274
274
274
3.1
274
274
274
274
274
3
274
274
274.1
274.1
274.1
2.9
274.1
274.1
274.1
274.1
274.1
2.9
274.1
274.1
274.1
274.1
274.2
2.9
274.2
274.2
274.2
274.2
274.2
2.8
274.2
274.2
274.2
274.2
274.2
2.8
274.2
274.3
274.3
274.3
274.3
2.8
274.3
274.3
274.3
274.3
274.3
2.9
274.3
274.3
274.3
274.4
274.4
2.8
274.4
274.4
274.4
274.4
274.4
2.7
274.4
274.4
274.4
274.4
274.4
2.7
274.5
274.5
274.5
274.5
274.5
2.7
274.5
274.5
274.5
274.5
274.5
2.8
274.5
274.5
274.6
274.6
274.6
2.7
274.6
274.6
274.6
274.6
274.6
2.7
274.6
274.6
274.6
274.6
274.7
2.7
274.7
274.7
274.7
274.7
274.7
2.7
274.7
274.7
274.7
274.7
274.7
2.7
274.7
274.8
274.8
274.8
274.8
2.7
274.8
274.8
274.8
274.8
274.8
2.7
274.8
274.8
274.8
274.9
274.9
2.7
274.9
274.9
274.9
274.9
274.9
2.6
274.9
274.9
274.9
274.9
274.9
2.6
275
275
275
275
275
2.5
275
275
275
275
275
2.5
275
275
275.1
275.1
275.1
2.5
275.1
275.1
275.1
275.1
275.1
2.5
275.1
275.1
275.1
275.1
275.2
2.5
275.2
275.2
275.2
275.2
275.2
2.5
275.2
275.2
275.2
275.2
275.2
2.4
275.2
275.3
275.3
275.3
275.3
2.5
275.3
275.3
275.3
275.3
275.3
2.4
275.3
275.3
275.3
275.4
275.4
2.4
275.4
275.4
275.4
275.4
275.4
2.4
275.4
275.4
275.4
275.4
275.4
2.4
275.5
275.5
275.5
275.5
275.5
2.5
275.5
275.5
275.5
275.5
275.5
2.5
275.5
275.5
275.6
275.6
275.6
2.5
275.6
275.6
275.6
275.6
275.6
2.5
275.6
275.6
275.6
275.6
275.7
2.5
275.7
275.7
275.7
275.7
275.7
2.5
275.7
275.7
275.7
275.7
275.7
2.5
275.7
275.8
275.8
275.8
275.8
2.5
275.8
275.8
275.8
275.8
275.8
2.5
275.8
275.8
275.8
275.9
275.9
2.4
275.9
275.9
275.9
275.9
275.9
2.4
275.9
275.9
275.9
275.9
275.9
2.4
276
276
276
276
276
2.4
276
276
276
276
276
2.4
276
276
276.1
276.1
276.1
2.5
276.1
276.1
276.1
276.1
276.1
2.4
276.1
276.1
276.1
276.1
276.2
2.4
276.2
276.2
276.2
276.2
276.2
2.5
276.2
276.2
276.2
276.2
276.2
2.5
276.2
276.3
276.3
276.3
276.3
2.4
276.3
276.3
276.3
276.3
276.3
2.5
276.3
276.3
276.3
276.4
276.4
2.5
276.4
276.4
276.4
276.4
276.4
2.5
276.4
276.4
276.4
276.4
276.4
2.5
276.5
276.5
276.5
276.5
276.5
2.5
276.5
276.5
276.5
276.5
276.5
2.5
276.5
276.5
276.6
276.6
276.6
2.5
276.6
276.6
276.6
276.6
276.6
2.5
276.6
276.6
276.6
276.6
276.7
2.5
276.7
276.7
276.7
276.7
276.7
2.5
276.7
276.7
276.7
276.7
276.7
2.5
276.7
276.8
276.8
276.8
276.8
2.5
276.8
276.8
276.8
276.8
276.8
2.5
276.8
276.8
276.8
276.9
276.9
2.5
276.9
276.9
276.9
276.9
276.9
2.5
276.9
276.9
276.9
276.9
276.9
2.5
277
277
277
277
277
2.5
277
277
277
277
277
2.5
277
277
277.1
277.1
277.1
2.6
277.1
277.1
277.1
277.1
277.1
2.6
277.1
277.1
277.1
277.1
277.2
2.6
277.2
277.2
277.2
277.2
277.2
2.6
277.2
277.2
277.2
277.2
277.2
2.6
277.2
277.3
277.3
277.3
277.3
2.6
277.3
277.3
277.3
277.3
277.3
2.6
277.3
277.3
277.3
277.4
277.4
2.6
277.4
277.4
277.4
277.4
277.4
2.6
277.4
277.4
277.4
277.4
277.4
2.6
277.5
277.5
277.5
277.5
277.5
2.6
277.5
277.5
277.5
277.5
277.5
2.6
277.5
277.5
277.6
277.6
277.6
2.6
277.6
277.6
277.6
277.6
277.6
2.6
277.6
277.6
277.6
277.6
277.7
2.6
277.7
277.7
277.7
277.7
277.7
2.6
277.7
277.7
277.7
277.7
277.7
2.7
277.7
277.8
277.8
277.8
277.8
2.7
277.8
277.8
277.8
277.8
277.8
2.7
277.8
277.8
277.8
277.9
277.9
2.7
277.9
277.9
277.9
277.9
277.9
2.7
277.9
277.9
277.9
277.9
277.9
2.7
278
278
278
278
278
2.7
278
278
278
278
278
2.8
278
278
278.1
278.1
278.1
2.8
278.1
278.1
278.1
278.1
278.1
2.8
278.1
278.1
278.1
278.1
278.2
2.8
278.2
278.2
278.2
278.2
278.2
2.8
278.2
278.2
278.2
278.2
278.2
2.8
278.2
278.3
278.3
278.3
278.3
2.8
278.3
278.3
278.3
278.3
278.3
2.8
278.3
278.3
278.3
278.4
278.4
2.8
278.4
278.4
278.4
278.4
278.4
2.8
278.4
278.4
278.4
278.4
278.4
2.8
278.5
278.5
278.5
278.5
278.5
2.8
278.5
278.5
278.5
278.5
278.5
2.8
278.5
278.5
278.6
278.6
278.6
2.9
278.6
278.6
278.6
278.6
278.6
2.9
278.6
278.6
278.6
278.6
278.7
2.9
278.7
278.7
278.7
278.7
278.7
2.9
278.7
278.7
278.7
278.7
278.7
2.9
278.7
278.8
278.8
278.8
278.8
2.9
278.8
278.8
278.8
278.8
278.8
2.9
278.8
278.8
278.8
278.9
278.9
2.9
278.9
278.9
278.9
278.9
278.9
2.9
278.9
278.9
278.9
278.9
278.9
2.9
279
279
279
279
279
2.9
279
279
279
279
279
2.9
279
279
279.1
279.1
279.1
2.9
279.1
279.1
279.1
279.1
279.1
2.9
279.1
279.1
279.1
279.1
279.2
2.9
279.2
279.2
279.2
279.2
279.2
2.9
279.2
279.2
279.2
279.2
279.2
2.9
279.2
279.3
279.3
279.3
279.3
2.9
279.3
279.3
279.3
279.3
279.3
2.9
279.3
279.3
279.3
279.4
279.4
3
279.4
279.4
279.4
279.4
279.4
3
279.4
279.4
279.4
279.4
279.4
3
279.5
279.5
279.5
279.5
279.5
3
279.5
279.5
279.5
279.5
279.5
3
279.5
279.5
279.6
279.6
279.6
3
279.6
279.6
279.6
279.6
279.6
3
279.6
279.6
279.6
279.6
279.7
3
279.7
279.7
279.7
279.7
279.7
3
279.7
279.7
279.7
279.7
279.7
3
279.7
279.8
279.8
279.8
279.8
3
279.8
279.8
279.8
279.8
279.8
3
279.8
279.8
279.8
279.9
279.9
3
279.9
279.9
279.9
279.9
279.9
3
279.9
279.9
279.9
279.9
279.9
3
280
280
280
280
280
3
280
280
280
280
280
3.1
280
280
280.1
280.1
280.1
3
280.1
280.1
280.1
280.1
280.1
3
280.1
280.1
280.1
280.1
280.2
3
280.2
280.2
280.2
280.2
280.2
3.1
280.2
280.2
280.2
280.2
280.2
3
280.2
280.3
280.3
280.3
280.3
3.1
280.3
280.3
280.3
280.3
280.3
3.1
280.3
280.3
280.3
280.4
280.4
3.1
280.4
280.4
280.4
280.4
280.4
3.1
280.4
280.4
280.4
280.4
280.4
3.1
280.5
280.5
280.5
280.5
280.5
3.1
280.5
280.5
280.5
280.5
280.5
3.1
280.5
280.5
280.6
280.6
280.6
3.1
280.6
280.6
280.6
280.6
280.6
3.1
280.6
280.6
280.6
280.6
280.7
3.1
280.7
280.7
280.7
280.7
280.7
3.1
280.7
280.7
280.7
280.7
280.7
3.1
280.7
280.8
280.8
280.8
280.8
3.1
280.8
280.8
280.8
280.8
280.8
3.1
280.8
280.8
280.8
280.9
280.9
3.1
280.9
280.9
280.9
280.9
280.9
3.1
280.9
280.9
280.9
280.9
280.9
3.1
281
281
281
281
281
3.1
281
281
281
281
281
3.1
281
281
281.1
281.1
281.1
3.1
281.1
281.1
281.1
281.1
281.1
3.1
281.1
281.1
281.1
281.1
281.2
3.1
281.2
281.2
281.2
281.2
281.2
3.1
281.2
281.2
281.2
281.2
281.2
3.2
281.2
281.3
281.3
281.3
281.3
3.2
281.3
281.3
281.3
281.3
281.3
3.2
281.3
281.3
281.3
281.4
281.4
3.2
281.4
281.4
281.4
281.4
281.4
3.2
281.4
281.4
281.4
281.4
281.4
3.2
281.5
281.5
281.5
281.5
281.5
3.2
281.5
281.5
281.5
281.5
281.5
3.2
281.5
281.5
281.6
281.6
281.6
3.2
281.6
281.6
281.6
281.6
281.6
3.2
281.6
281.6
281.6
281.6
281.7
3.2
281.7
281.7
281.7
281.7
281.7
3.2
281.7
281.7
281.7
281.7
281.7
3.2
281.7
281.8
281.8
281.8
281.8
3.2
281.8
281.8
281.8
281.8
281.8
3.2
281.8
281.8
281.8
281.9
281.9
3.2
281.9
281.9
281.9
281.9
281.9
3.2
281.9
281.9
281.9
281.9
281.9
3.2
282
282
282
282
282
3.2
282
282
282
282
282
3.2
282
282
282.1
282.1
282.1
3.2
282.1
282.1
282.1
282.1
282.1
3.2
282.1
282.1
282.1
282.1
282.2
3.2
282.2
282.2
282.2
282.2
282.2
3.2
282.2
282.2
282.2
282.2
282.2
3.2
282.2
282.3
282.3
282.3
282.3
3.2
282.3
282.3
282.3
282.3
282.3
3.2
282.3
282.3
282.3
282.4
282.4
3.2
282.4
282.4
282.4
282.4
282.4
3.2
282.4
282.4
282.4
282.4
282.4
3.2
282.5
282.5
282.5
282.5
282.5
3.2
282.5
282.5
282.5
282.5
282.5
3.3
282.5
282.5
282.6
282.6
282.6
3.3
282.6
282.6
282.6
282.6
282.6
3.3
282.6
282.6
282.6
282.6
282.7
3.3
282.7
282.7
282.7
282.7
282.7
3.3
282.7
282.7
282.7
282.7
282.7
3.3
282.7
282.8
282.8
282.8
282.8
3.3
282.8
282.8
282.8
282.8
282.8
3.3
282.8
282.8
282.8
282.9
282.9
3.3
282.9
282.9
282.9
282.9
282.9
3.3
282.9
282.9
282.9
282.9
282.9
3.3
283
283
283
283
283
3.3
283
283
283
283
283
3.3
283
283
283.1
283.1
283.1
3.3
283.1
283.1
283.1
283.1
283.1
3.3
283.1
283.1
283.1
283.1
283.2
3.3
283.2
283.2
283.2
283.2
283.2
3.3
283.2
283.2
283.2
283.2
283.2
3.3
283.2
283.3
283.3
283.3
283.3
3.3
283.3
283.3
283.3
283.3
283.3
3.3
283.3
283.3
283.3
283.4
283.4
3.3
283.4
283.4
283.4
283.4
283.4
3.3
283.4
283.4
283.4
283.4
283.4
3.3
283.5
283.5
283.5
283.5
283.5
3.3
283.5
283.5
283.5
283.5
283.5
3.3
283.5
283.5
283.6
283.6
283.6
3.3
283.6
283.6
283.6
283.6
283.6
3.3
283.6
283.6
283.6
283.6
283.7
3.3
283.7
283.7
283.7
283.7
283.7
3.3
283.7
283.7
283.7
283.7
283.7
3.3
283.7
283.8
283.8
283.8
283.8
3.3
283.8
283.8
283.8
283.8
283.8
3.3
283.8
283.8
283.8
283.9
283.9
3.3
283.9
283.9
283.9
283.9
283.9
3.3
283.9
283.9
283.9
283.9
283.9
3.3
284
284
284
284
284
3.3
284
284
284
284
284
3.3
284
284
284.1
284.1
284.1
3.3
284.1
284.1
284.1
284.1
284.1
3.3
284.1
284.1
284.1
284.1
284.2
3.3
284.2
284.2
284.2
284.2
284.2
3.3
284.2
284.2
284.2
284.2
284.2
3.3
284.2
284.3
284.3
284.3
284.3
3.3
284.3
284.3
284.3
284.3
284.3
3.3
284.3
284.3
284.3
284.4
284.4
3.4
284.4
284.4
284.4
284.4
284.4
3.4
284.4
284.4
284.4
284.4
284.4
3.4
284.5
284.5
284.5
284.5
284.5
3.4
284.5
284.5
284.5
284.5
284.5
3.4
284.5
284.5
284.6
284.6
284.6
3.4
284.6
284.6
284.6
284.6
284.6
3.4
284.6
284.6
284.6
284.6
284.7
3.4
284.7
284.7
284.7
284.7
284.7
3.4
284.7
284.7
284.7
284.7
284.7
3.4
284.7
284.8
284.8
284.8
284.8
3.4
284.8
284.8
284.8
284.8
284.8
3.4
284.8
284.8
284.8
284.9
284.9
3.4
284.9
284.9
284.9
284.9
284.9
3.4
284.9
284.9
284.9
284.9
284.9
3.4
285
285
285
285
285
3.4
285
285
285
285
285
3.4
285
285
285.1
285.1
285.1
3.4
285.1
285.1
285.1
285.1
285.1
3.4
285.1
285.1
285.1
285.1
285.2
3.4
285.2
285.2
285.2
285.2
285.2
3.4
285.2
285.2
285.2
285.2
285.2
3.4
285.2
285.3
285.3
285.3
285.3
3.4
285.3
285.3
285.3
285.3
285.3
3.4
285.3
285.3
285.3
285.4
285.4
3.4
285.4
285.4
285.4
285.4
285.4
3.4
285.4
285.4
285.4
285.4
285.4
3.4
285.5
285.5
285.5
285.5
285.5
3.4
285.5
285.5
285.5
285.5
285.5
3.4
285.5
285.5
285.6
285.6
285.6
3.4
285.6
285.6
285.6


3.4

