2009-11-01 01:00	305.0			1.0	2.5	3.9	4.1	4.5	2009-11-01 01:00	305.0			3.8	4.1	4.5	5.2
2009-11-01 02:15	305.0			1.0	2.5	3.9	4.1	4.5	2009-11-01 02:15	305.0			3.8	4.1	4.6	5.2
2009-11-01 03:30	305.1			1.0	2.5	3.9	4.1	4.5	2009-11-01 03:30	305.1			3.7	4.0	4.6	5.2
2009-11-01 04:45	305.1			1.0	2.5	3.9	4.1	4.5	2009-11-01 04:45	305.1			3.8	4.0	4.6	5.2
2009-11-01 06:00	305.2			1.0	2.5	3.9	4.1	4.5	2009-11-01 06:00	305.2			3.8	4.1	4.6	5.2
2009-11-01 07:15	305.3			1.0	2.5	3.9	4.1	4.5	2009-11-01 07:15	305.3			3.8	4.1	4.6	5.2
2009-11-01 08:30	305.3			1.0	2.6	3.9	4.1	4.5	2009-11-01 08:30	305.3			3.8	4.1	4.6	5.2
2009-11-01 09:45	305.4			1.0	2.5	3.9	4.1	4.5	2009-11-01 09:45	305.4			3.8	4.1	4.6	5.2
2009-11-01 11:00	305.4			1.0	2.6	3.9	4.1	4.5	2009-11-01 11:00	305.4			3.8	4.1	4.5	5.2
2009-11-01 12:15	305.5			1.0	2.5	3.9	4.1	4.5	2009-11-01 12:15	305.5			3.8	4.1	4.5	5.2
2009-11-01 13:30	305.5			1.0	2.5	3.9	4.1	4.5	2009-11-01 13:30	305.5			3.8	4.1	4.5	5.2
2009-11-01 14:45	305.6			1.0	2.6	3.9	4.1	4.5	2009-11-01 14:45	305.6			3.8	4.1	4.5	5.2
2009-11-01 16:00	305.6			1.0	2.6	3.9	4.1	4.5	2009-11-01 16:00	305.6			3.8	4.1	4.5	5.2
2009-11-01 17:15	305.7			1.0	2.5	3.9	4.1	4.5	2009-11-01 17:15	305.7			3.8	4.1	4.5	5.2
2009-11-01 18:30	305.7			1.0	2.5	3.9	4.1	4.5	2009-11-01 18:30	305.7			3.8	4.1	4.5	5.2
2009-11-01 19:45	305.8			1.0	2.5	3.9	4.1	4.5	2009-11-01 19:45	305.8			3.8	4.1	4.5	5.2
2009-11-01 21:00	305.8			1.0	2.5	3.9	4.1	4.5	2009-11-01 21:00	305.8			3.8	4.1	4.5	5.2
2009-11-01 22:15	305.9			1.0	2.5	3.9	4.1	4.5	2009-11-01 22:15	305.9			3.8	4.1	4.5	5.2
2009-11-01 23:30	305.9			1.0	2.5	3.9	4.1	4.5	2009-11-01 23:30	305.9			3.8	4.1	4.5	5.2
2009-12-01 01:00	335.0			0.2	1.7	3.5	3.8	4.4	2009-12-01 01:00	335.0			2.4	3.5	4.3	5.2
2009-12-01 02:15	335.0			0.2	1.6	3.5	3.8	4.4	2009-12-01 02:15	335.0			2.4	3.5	4.3	5.2
2009-12-01 03:30	335.1			0.2	1.7	3.5	3.8	4.4	2009-12-01 03:30	335.1			2.4	3.5	4.3	5.2
2009-12-01 04:45	335.1			0.2	1.6	3.5	3.8	4.4	2009-12-01 04:45	335.1			2.4	3.5	4.3	5.2
2009-12-01 06:00	335.2			0.2	1.6	3.5	3.7	4.4	2009-12-01 06:00	335.2			2.4	3.5	4.3	5.2
2009-12-01 07:15	335.3			0.2	1.6	3.5	3.8	4.4	2009-12-01 07:15	335.3			2.3	3.5	4.3	5.2
2009-12-01 08:30	335.3			0.2	1.6	3.5	3.8	4.4	2009-12-01 08:30	335.3			2.4	3.5	4.3	5.2
2009-12-01 09:45	335.4			0.2	1.6	3.5	3.8	4.4	2009-12-01 09:45	335.4			2.4	3.5	4.3	5.2
2009-12-01 11:00	335.4			0.2	1.6	3.5	3.8	4.4	2009-12-01 11:00	335.4			2.3	3.4	4.3	5.2
2009-12-01 12:15	335.5			0.2	1.6	3.5	3.7	4.4	2009-12-01 12:15	335.5			2.3	3.5	4.3	5.2
2009-12-01 13:30	335.5			0.2	1.7	3.5	3.7	4.4	2009-12-01 13:30	335.5			2.4	3.5	4.3	5.2
2009-12-01 14:45	335.6			0.2	1.7	3.5	3.7	4.4	2009-12-01 14:45	335.6			2.3	3.4	4.3	5.2
2009-12-01 16:00	335.6			0.2	1.7	3.5	3.7	4.4	2009-12-01 16:00	335.6			2.3	3.4	4.3	5.2
2009-12-01 17:15	335.7			0.2	1.7	3.5	3.7	4.4	2009-12-01 17:15	335.7			2.3	3.4	4.3	5.2
2009-12-01 18:30	335.7			0.1	1.6	3.5	3.7	4.4	2009-12-01 18:30	335.7			2.4	3.4	4.3	5.2
2009-12-01 19:45	335.8			0.1	1.7	3.5	3.7	4.4	2009-12-01 19:45	335.8			2.3	3.5	4.4	5.2
2009-12-01 21:00	335.8			0.1	1.6	3.5	3.7	4.4	2009-12-01 21:00	335.8			2.3	3.5	4.3	5.2
2009-12-01 22:15	335.9			0.1	1.6	3.5	3.7	4.4	2009-12-01 22:15	335.9			2.3	3.5	4.3	5.2
2009-12-01 23:30	335.9			0.2	1.6	3.5	3.7	4.4	2009-12-01 23:30	335.9			2.3	3.5	4.3	5.2
2010-01-01 00:45	1.0			-3.0	1.3	3.1	3.4	4.1	2010-01-01 00:45	1.0			0.7	2.5	4.4	5.2
2010-01-01 02:00	1.0			-2.9	1.3	3.1	3.4	4.1	2010-01-01 02:00	1.0			0.8	2.5	4.4	5.2
2010-01-01 03:15	1.1			-2.9	1.4	3.1	3.4	4.1	2010-01-01 03:15	1.1			0.8	2.4	4.4	5.2
2010-01-01 04:30	1.1			-2.9	1.3	3.1	3.4	4.0	2010-01-01 04:30	1.1			0.7	2.4	4.4	5.2
2010-01-01 05:45	1.2			-2.9	1.3	3.1	3.4	4.0	2010-01-01 05:45	1.2			0.7	2.4	4.4	5.2
2010-01-01 07:00	1.2			-2.9	1.3	3.1	3.4	4.0	2010-01-01 07:00	1.2			0.8	2.3	4.3	5.2
2010-01-01 08:15	1.3			-2.9	1.4	3.0	3.4	4.0	2010-01-01 08:15	1.3			0.7	2.4	4.3	5.2
2010-01-01 09:30	1.3			-2.9	1.3	3.0	3.4	4.0	2010-01-01 09:30	1.3			0.8	2.4	4.3	5.2
2010-01-01 10:45	1.4			-2.9	1.3	3.0	3.4	4.0	2010-01-01 10:45	1.4			0.7	2.3	4.4	5.2
2010-01-01 12:00	1.5			-2.9	1.3	3.1	3.4	4.0	2010-01-01 12:00	1.5			0.7	2.5	4.4	5.2
2010-01-01 13:15	1.5			-2.9	1.3	3.0	3.4	4.1	2010-01-01 13:15	1.5			0.7	2.4	4.3	5.2
2010-01-01 14:30	1.6			-3.0	1.3	3.0	3.4	4.0	2010-01-01 14:30	1.6			0.7	2.5	4.4	5.2
2010-01-01 15:45	1.6			-3.0	1.3	3.0	3.4	4.0	2010-01-01 15:45	1.6			0.7	2.5	4.4	5.2
2010-01-01 17:00	1.7			-3.0	1.3	3.0	3.4	4.0	2010-01-01 17:00	1.7			0.7	2.4	4.4	5.2
2010-01-01 18:15	1.7			-3.1	1.3	3.0	3.4	4.0	2010-01-01 18:15	1.7			0.7	2.5	4.4	5.2
2010-01-01 19:30	1.8			-3.1	1.3	3.1	3.5	4.0	2010-01-01 19:30	1.8			0.7	2.4	4.4	5.2
2010-01-01 20:45	1.8			-3.1	1.3	3.1	3.5	4.0	2010-01-01 20:45	1.8			0.7	2.5	4.4	5.2
2010-01-01 22:00	1.9			-3.2	1.3	3.1	3.5	4.0	2010-01-01 22:00	1.9			0.6	2.4	4.4	5.2
2010-01-01 23:15	1.9			-3.2	1.3	3.1	3.5	4.0	2010-01-01 23:15	1.9			0.7	2.4	4.5	5.2
2010-02-01 00:30	32.0			-7.3	0.7	2.5	3.3	3.7	2010-02-01 00:30	32.0			-1.9	1.5	4.3	5.1
2010-02-01 01:45	32.0			-7.2	0.7	2.5	3.3	3.7	2010-02-01 01:45	32.0			-1.9	1.5	4.2	5.1
2010-02-01 03:00	32.1			-7.2	0.7	2.5	3.3	3.7	2010-02-01 03:00	32.1			-1.9	1.5	4.2	5.1
2010-02-01 04:15	32.1			-7.2	0.7	2.5	3.3	3.7	2010-02-01 04:15	32.1			-1.9	1.5	4.2	5.1
2010-02-01 05:30	32.2			-7.2	0.7	2.5	3.3	3.7	2010-02-01 05:30	32.2			-1.9	1.5	4.2	5.1
2010-02-01 06:45	32.2			-7.1	0.7	2.5	3.3	3.7	2010-02-01 06:45	32.2			-1.9	1.5	4.2	5.1
2010-02-01 08:00	32.3			-7.1	0.7	2.5	3.3	3.7	2010-02-01 08:00	32.3			-1.9	1.5	4.2	5.1
2010-02-01 09:15	32.3			-7.1	0.7	2.5	3.3	3.7	2010-02-01 09:15	32.3			-1.9	1.5	4.2	5.1
2010-02-01 10:30	32.4			-7.0	0.7	2.5	3.3	3.7	2010-02-01 10:30	32.4			-1.9	1.5	4.2	5.1
2010-02-01 11:45	32.4			-7.0	0.7	2.5	3.3	3.7	2010-02-01 11:45	32.4			-1.9	1.5	4.2	5.1
2010-02-01 13:00	32.5			-6.9	0.7	2.5	3.3	3.7	2010-02-01 13:00	32.5			-1.8	1.5	4.2	5.1
2010-02-01 14:15	32.5			-6.9	0.8	2.5	3.3	3.7	2010-02-01 14:15	32.5			-1.8	1.5	4.2	5.1
2010-02-01 15:30	32.6			-6.9	0.8	2.5	3.3	3.7	2010-02-01 15:30	32.6			-1.9	1.5	4.2	5.1
2010-02-01 16:45	32.6			-6.9	0.8	2.5	3.3	3.7	2010-02-01 16:45	32.6			-1.9	1.5	4.2	5.1
2010-02-01 18:00	32.7			-6.9	0.8	2.5	3.3	3.7	2010-02-01 18:00	32.7			-1.9	1.5	4.2	5.1
2010-02-01 19:15	32.8			-6.9	0.7	2.5	3.3	3.7	2010-02-01 19:15	32.8			-1.9	1.5	4.2	5.1
2010-02-01 20:30	32.8			-6.9	0.7	2.5	3.3	3.8	2010-02-01 20:30	32.8			-1.9	1.5	4.2	5.1
2010-02-01 21:45	32.9			-6.9	0.7	2.5	3.3	3.8	2010-02-01 21:45	32.9			-1.9	1.5	4.2	5.1
2010-02-01 23:00	32.9			-6.9	0.7	2.5	3.3	3.8	2010-02-01 23:00	32.9			-2.0	1.5	4.2	5.1
2010-03-01 01:00	60.0			-8.2	-0.9	2.1	2.8	3.7	2010-03-01 01:00	60.0			-3.1	0.5	4.1	5.0
2010-03-01 02:15	60.0			-8.2	-0.9	2.1	2.8	3.7	2010-03-01 02:15	60.0			-3.1	0.5	4.1	5.0
2010-03-01 03:30	60.1			-8.2	-0.9	2.1	2.8	3.7	2010-03-01 03:30	60.1			-3.1	0.5	4.1	5.0
2010-03-01 04:45	60.1			-8.3	-0.9	2.1	2.8	3.7	2010-03-01 04:45	60.1			-3.1	0.5	4.1	5.0
2010-03-01 06:00	60.2			-8.3	-0.9	2.1	2.8	3.7	2010-03-01 06:00	60.2			-3.1	0.5	4.1	5.0
2010-03-01 07:15	60.3			-8.3	-0.9	2.1	2.8	3.7	2010-03-01 07:15	60.3			-3.1	0.5	4.1	5.0
2010-03-01 08:30	60.3			-8.4	-0.9	2.1	2.8	3.7	2010-03-01 08:30	60.3			-3.1	0.5	4.1	5.0
2010-03-01 09:45	60.4			-8.4	-0.9	2.1	2.8	3.7	2010-03-01 09:45	60.4			-3.1	0.5	4.1	5.0
2010-03-01 11:00	60.4			-8.4	-0.9	2.1	2.8	3.7	2010-03-01 11:00	60.4			-3.1	0.5	4.1	5.0
2010-03-01 12:15	60.5			-8.3	-0.9	2.1	2.8	3.7	2010-03-01 12:15	60.5			-3.1	0.5	4.0	5.0
2010-03-01 13:30	60.5			-8.3	-0.9	2.1	2.8	3.7	2010-03-01 13:30	60.5			-3.1	0.5	4.0	5.0
2010-03-01 14:45	60.6			-8.3	-0.9	2.1	2.8	3.7	2010-03-01 14:45	60.6			-3.1	0.5	4.0	5.0
2010-03-01 16:00	60.6			-8.3	-1.0	2.1	2.8	3.7	2010-03-01 16:00	60.6			-3.1	0.5	4.0	5.0
2010-03-01 17:15	60.7			-8.4	-1.0	2.1	2.8	3.7	2010-03-01 17:15	60.7			-3.2	0.5	4.0	5.0
2010-03-01 18:30	60.7			-8.4	-1.0	2.1	2.8	3.7	2010-03-01 18:30	60.7			-3.2	0.5	3.9	5.0
2010-03-01 19:45	60.8			-8.4	-1.0	2.1	2.8	3.7	2010-03-01 19:45	60.8			-3.2	0.5	3.9	5.0
2010-03-01 21:00	60.8			-8.4	-1.0	2.1	2.8	3.7	2010-03-01 21:00	60.8			-3.2	0.5	3.9	5.0
2010-03-01 22:15	60.9			-8.4	-1.0	2.1	2.8	3.7	2010-03-01 22:15	60.9			-3.2	0.5	3.8	5.0
2010-03-01 23:30	60.9			-8.4	-1.0	2.1	2.8	3.7	2010-03-01 23:30	60.9			-3.2	0.5	3.8	5.0
2010-04-01 00:45	91.0			-1.9	-0.4	2.1	2.9	3.7	2010-04-01 00:45	91.0			-1.1	0.0	4.0	4.9
2010-04-01 02:00	91.0			-1.9	-0.4	2.1	2.9	3.7	2010-04-01 02:00	91.0			-1.1	0.0	4.0	4.9
2010-04-01 03:15	91.1			-1.9	-0.4	2.1	2.9	3.7	2010-04-01 03:15	91.1			-1.1	0.0	4.0	4.9
2010-04-01 04:30	91.1			-1.9	-0.4	2.1	2.9	3.7	2010-04-01 04:30	91.1			-1.1	0.0	4.0	4.9
2010-04-01 05:45	91.2			-1.9	-0.4	2.1	2.9	3.7	2010-04-01 05:45	91.2			-1.0	0.0	4.0	4.9
2010-04-01 07:00	91.2			-1.9	-0.4	2.1	2.9	3.7	2010-04-01 07:00	91.2			-1.0	0.0	4.0	4.9
2010-04-01 08:15	91.3			-1.9	-0.4	2.1	2.9	3.7	2010-04-01 08:15	91.3			-1.0	0.0	4.0	4.9
2010-04-01 09:30	91.3			-1.9	-0.4	2.1	2.9	3.7	2010-04-01 09:30	91.3			-1.0	0.0	4.0	4.9
2010-04-01 10:45	91.4			-1.8	-0.4	2.1	2.9	3.7	2010-04-01 10:45	91.4			-1.0	0.0	4.0	4.9
2010-04-01 12:00	91.5			-1.8	-0.4	2.1	2.9	3.7	2010-04-01 12:00	91.5			-1.0	0.0	4.0	4.9
2010-04-01 13:15	91.5			-1.7	-0.4	2.1	2.9	3.7	2010-04-01 13:15	91.5			-1.0	0.0	4.0	4.9
2010-04-01 14:30	91.6			-1.7	-0.4	2.1	2.9	3.7	2010-04-01 14:30	91.6			-1.0	0.0	4.0	4.9
2010-04-01 15:45	91.6			-1.7	-0.4	2.1	2.9	3.7	2010-04-01 15:45	91.6			-1.0	0.0	4.0	4.9
2010-04-01 17:00	91.7			-1.7	-0.4	2.1	2.9	3.7	2010-04-01 17:00	91.7			-1.0	0.0	4.0	4.9
2010-04-01 18:15	91.7			-1.7	-0.4	2.1	2.9	3.7	2010-04-01 18:15	91.7			-1.0	0.0	4.0	4.9
2010-04-01 19:30	91.8			-1.7	-0.4	2.1	2.9	3.7	2010-04-01 19:30	91.8			-0.9	0.0	4.0	4.9
2010-04-01 20:45	91.8			-1.7	-0.4	2.1	2.9	3.7	2010-04-01 20:45	91.8			-0.9	0.0	4.0	4.9
2010-04-01 22:00	91.9			-1.6	-0.4	2.1	2.9	3.7	2010-04-01 22:00	91.9			-0.9	0.0	4.0	4.9
2010-04-01 23:15	91.9			-1.6	-0.4	2.1	2.9	3.7	2010-04-01 23:15	91.9			-0.9	0.0	4.0	4.9
2010-05-01 00:45	121.0			-0.0	0.0	2.0	2.9	3.7	2010-05-01 00:45	121.0			0.0	4.1	3.7	4.9
2010-05-01 02:00	121.0			-0.0	0.0	2.0	2.9	3.7	2010-05-01 02:00	121.0			0.0	4.0	3.7	4.9
2010-05-01 03:15	121.1			-0.0	0.0	2.0	2.9	3.7	2010-05-01 03:15	121.1			0.0	3.7	3.7	4.9
2010-05-01 04:30	121.1			0.0	0.0	2.0	2.9	3.7	2010-05-01 04:30	121.1			0.0	3.5	3.7	4.9
2010-05-01 05:45	121.2			0.1	0.0	2.0	2.9	3.7	2010-05-01 05:45	121.2			0.0	3.4	3.7	4.9
2010-05-01 07:00	121.2			0.1	0.1	2.0	2.9	3.7	2010-05-01 07:00	121.2			0.1	3.3	3.7	4.9
2010-05-01 08:15	121.3			0.2	0.1	2.0	2.9	3.7	2010-05-01 08:15	121.3			0.1	3.2	3.7	4.9
2010-05-01 09:30	121.3			0.2	0.2	2.0	2.9	3.7	2010-05-01 09:30	121.3			0.1	3.2	3.7	4.9
2010-05-01 10:45	121.4			0.2	0.2	2.0	2.9	3.7	2010-05-01 10:45	121.4			0.2	3.2	3.7	4.9
2010-05-01 12:00	121.5			0.2	0.2	2.0	2.9	3.7	2010-05-01 12:00	121.5			0.2	3.2	3.7	4.9
2010-05-01 13:15	121.5			0.2	0.2	2.0	2.9	3.7	2010-05-01 13:15	121.5			0.2	3.1	3.7	4.9
2010-05-01 14:30	121.6			0.2	0.1	2.0	2.9	3.7	2010-05-01 14:30	121.6			0.2	3.1	3.7	4.9
2010-05-01 15:45	121.6			0.1	0.1	2.0	2.9	3.7	2010-05-01 15:45	121.6			0.1	3.1	3.7	4.9
2010-05-01 17:00	121.7			0.1	0.0	2.0	3.0	3.7	2010-05-01 17:00	121.7			0.1	3.0	3.7	4.9
2010-05-01 18:15	121.7			0.0	0.0	2.0	3.0	3.7	2010-05-01 18:15	121.7			0.1	2.9	3.7	4.9
2010-05-01 19:30	121.8			0.0	0.0	2.0	3.0	3.7	2010-05-01 19:30	121.8			0.0	2.9	3.7	4.9
2010-05-01 20:45	121.8			0.0	0.0	2.0	3.0	3.7	2010-05-01 20:45	121.8			0.0	2.9	3.7	4.9
2010-05-01 22:00	121.9			-0.0	0.0	2.0	3.0	3.7	2010-05-01 22:00	121.9			0.0	2.8	3.8	4.9
2010-05-01 23:15	121.9			-0.0	0.0	2.0	3.0	3.7	2010-05-01 23:15	121.9			0.0	2.7	3.7	4.9
2010-06-01 00:30	152.0			6.6	6.6	6.7	6.7	6.7	2010-06-01 00:30	152.0			8.2	8.2	8.1	7.5
2010-06-01 01:45	152.0			6.4	6.4	6.5	6.6	6.7	2010-06-01 01:45	152.0			8.0	8.0	8.0	8.0
2010-06-01 03:00	152.1			6.1	6.1	6.3	6.4	6.6	2010-06-01 03:00	152.1			7.9	7.8	7.8	7.8
2010-06-01 04:15	152.1			5.9	5.9	6.2	6.2	6.5	2010-06-01 04:15	152.1			7.7	7.7	7.7	7.7
2010-06-01 05:30	152.2			6.0	6.2	6.2	6.2	6.3	2010-06-01 05:30	152.2			7.6	7.6	7.6	7.6
2010-06-01 06:45	152.2			6.0	6.0	6.2	6.1	6.2	2010-06-01 06:45	152.2			7.5	7.5	7.4	7.4
2010-06-01 08:00	152.3			6.0	6.0	6.1	6.2	6.2	2010-06-01 08:00	152.3			7.4	7.4	7.3	7.3
2010-06-01 09:15	152.3			6.2	6.2	6.1	6.2	6.2	2010-06-01 09:15	152.3			7.4	7.4	7.4	7.3
2010-06-01 10:30	152.4			6.0	6.0	6.0	6.0	6.2	2010-06-01 10:30	152.4			7.4	7.4	7.4	7.3
2010-06-01 11:45	152.4			6.1	6.1	6.2	6.1	6.1	2010-06-01 11:45	152.4			7.5	7.5	7.4	7.3
2010-06-01 13:00	152.5			6.2	6.2	6.2	6.1	6.1	2010-06-01 13:00	152.5			7.6	7.6	7.5	7.2
2010-06-01 14:15	152.5			6.3	6.4	6.5	6.3	6.1	2010-06-01 14:15	152.5			7.7	7.7	7.4	7.2
2010-06-01 15:30	152.6			6.6	6.7	6.7	6.6	6.1	2010-06-01 15:30	152.6			8.0	7.9	7.5	7.2
2010-06-01 16:45	152.6			6.4	6.5	6.5	6.4	6.1	2010-06-01 16:45	152.6			8.0	8.0	7.7	7.2
2010-06-01 18:00	152.7			6.3	6.3	6.7	6.8	6.2	2010-06-01 18:00	152.7			8.2	8.1	7.5	7.2
2010-06-01 19:15	152.8			6.3	6.4	6.5	6.7	6.2	2010-06-01 19:15	152.8			8.2	8.2	7.6	7.2
2010-06-01 20:30	152.8			6.4	6.4	6.5	6.5	6.2	2010-06-01 20:30	152.8			8.3	8.2	7.7	7.1
2010-06-01 21:45	152.9			6.3	6.4	6.2	6.3	6.2	2010-06-01 21:45	152.9			8.2	8.2	7.7	7.2
2010-06-01 23:00	152.9			6.3	6.2	6.0	6.2	6.2	2010-06-01 23:00	152.9			8.2	8.2	7.8	7.1
2009-10-15 17:45	288.7			1.7	3.5	3.6	3.8	4.2	2009-10-15 17:45	288.7			3.9	4.0	4.1	4.7
2009-10-15 19:00	288.7			1.8	3.5	3.6	3.8	4.2	2009-10-15 19:00	288.7			4.0	4.0	4.1	4.7
2009-10-15 20:15	288.8			1.8	3.5	3.6	3.8	4.2	2009-10-15 20:15	288.8			4.0	4.0	4.1	4.7
2009-10-15 21:30	288.8			1.8	3.5	3.6	3.8	4.2	2009-10-15 21:30	288.8			4.0	4.0	4.1	4.7
2009-10-15 22:45	288.9			1.8	3.5	3.6	3.8	4.2	2009-10-15 22:45	288.9			4.0	4.0	4.1	4.7
2009-11-15 00:00	319.0			0.5	2.0	3.9	4.0	4.5	2009-11-15 00:00	319.0			3.3	4.1	4.6	5.3
2009-11-15 01:15	319.0			0.5	1.9	3.9	4.0	4.5	2009-11-15 01:15	319.0			3.3	4.2	4.6	5.3
2009-11-15 02:30	319.1			0.5	1.9	3.9	4.0	4.5	2009-11-15 02:30	319.1			3.3	4.2	4.6	5.3
2009-11-15 03:45	319.1			0.5	1.9	3.9	4.0	4.5	2009-11-15 03:45	319.1			3.3	4.2	4.6	5.3
2009-11-15 05:00	319.2			0.5	2.0	3.9	4.0	4.5	2009-11-15 05:00	319.2			3.3	4.2	4.6	5.3
2009-11-15 06:15	319.2			0.5	1.9	3.9	3.9	4.5	2009-11-15 06:15	319.2			3.3	4.1	4.6	5.3
2009-11-15 07:30	319.3			0.5	2.0	3.9	4.0	4.5	2009-11-15 07:30	319.3			3.3	4.2	4.5	5.3
2009-11-15 08:45	319.3			0.5	2.0	3.9	4.0	4.5	2009-11-15 08:45	319.3			3.3	4.1	4.5	5.3
2009-11-15 10:00	319.4			0.5	2.0	3.9	4.0	4.5	2009-11-15 10:00	319.4			3.3	4.2	4.5	5.3
2009-11-15 11:15	319.4			0.5	1.9	3.9	4.0	4.5	2009-11-15 11:15	319.4			3.3	4.1	4.5	5.3
2009-11-15 12:30	319.5			0.5	2.0	3.9	4.0	4.5	2009-11-15 12:30	319.5			3.3	4.2	4.5	5.3
2009-11-15 13:45	319.5			0.5	2.0	3.9	4.0	4.5	2009-11-15 13:45	319.5			3.3	4.2	4.5	5.3
2009-11-15 15:00	319.6			0.5	1.9	3.9	4.0	4.5	2009-11-15 15:00	319.6			3.3	4.1	4.5	5.3
2009-11-15 16:15	319.6			0.5	2.0	3.9	4.0	4.5	2009-11-15 16:15	319.6			3.3	4.1	4.5	5.2
2009-11-15 17:30	319.7			0.5	2.0	3.9	4.0	4.5	2009-11-15 17:30	319.7			3.3	4.2	4.5	5.3
2009-11-15 18:45	319.7			0.5	1.9	3.9	4.0	4.5	2009-11-15 18:45	319.7			3.3	4.2	4.5	5.3
2009-11-15 20:00	319.8			0.5	2.0	3.9	4.0	4.5	2009-11-15 20:00	319.8			3.2	4.1	4.5	5.2
2009-11-15 21:15	319.8			0.5	2.0	3.9	4.0	4.5	2009-11-15 21:15	319.8			3.2	4.2	4.5	5.3
2009-11-15 22:30	319.9			0.5	1.9	3.9	4.0	4.5	2009-11-15 22:30	319.9			3.2	4.1	4.5	5.3
2009-11-15 23:45	319.9			0.5	1.9	3.9	4.0	4.5	2009-11-15 23:45	319.9			3.2	4.2	4.5	5.3
2009-12-15 00:00	349.0			0.0	1.5	3.4	3.4	4.3	2009-12-15 00:00	349.0			1.7	3.1	4.4	5.2
2009-12-15 01:15	349.0			0.0	1.5	3.3	3.5	4.2	2009-12-15 01:15	349.0			1.7	3.0	4.4	5.2
2009-12-15 02:30	349.1			0.0	1.4	3.3	3.4	4.3	2009-12-15 02:30	349.1			1.7	3.1	4.4	5.2
2009-12-15 03:45	349.1			0.0	1.4	3.3	3.4	4.3	2009-12-15 03:45	349.1			1.7	3.1	4.4	5.2
2009-12-15 05:00	349.2			0.0	1.4	3.3	3.4	4.3	2009-12-15 05:00	349.2			1.7	3.1	4.4	5.2
2009-12-15 06:15	349.2			0.0	1.4	3.3	3.4	4.2	2009-12-15 06:15	349.2			1.6	3.1	4.4	5.2
2009-12-15 07:30	349.3			0.0	1.4	3.3	3.4	4.3	2009-12-15 07:30	349.3			1.7	3.0	4.4	5.2
2009-12-15 08:45	349.3			0.0	1.5	3.3	3.4	4.2	2009-12-15 08:45	349.3			1.7	3.1	4.5	5.2
2009-12-15 10:00	349.4			0.0	1.5	3.3	3.4	4.3	2009-12-15 10:00	349.4			1.7	3.1	4.5	5.2
2009-12-15 11:15	349.4			0.0	1.4	3.3	3.3	4.3	2009-12-15 11:15	349.4			1.7	3.1	4.5	5.2
2009-12-15 12:30	349.5			0.0	1.5	3.3	3.4	4.3	2009-12-15 12:30	349.5			1.7	3.1	4.5	5.2
2009-12-15 13:45	349.5			0.0	1.4	3.3	3.3	4.2	2009-12-15 13:45	349.5			1.7	3.0	4.5	5.2
2009-12-15 15:00	349.6			0.0	1.4	3.3	3.4	4.3	2009-12-15 15:00	349.6			1.7	3.1	4.5	5.2
2009-12-15 16:15	349.6			0.0	1.4	3.3	3.4	4.3	2009-12-15 16:15	349.6			1.7	3.1	4.5	5.2
2009-12-15 17:30	349.7			0.0	1.4	3.3	3.4	4.3	2009-12-15 17:30	349.7			1.7	3.1	4.5	5.2
2009-12-15 18:45	349.7			0.0	1.4	3.3	3.4	4.2	2009-12-15 18:45	349.7			1.7	3.0	4.4	5.2
2009-12-15 20:00	349.8			0.0	1.4	3.3	3.4	4.3	2009-12-15 20:00	349.8			1.7	3.0	4.4	5.2
2009-12-15 21:15	349.8			0.0	1.4	3.3	3.4	4.2	2009-12-15 21:15	349.8			1.7	3.1	4.4	5.2
2009-12-15 22:30	349.9			0.0	1.4	3.3	3.3	4.3	2009-12-15 22:30	349.9			1.6	3.0	4.3	5.2
2009-12-15 23:45	349.9			0.0	1.4	3.3	3.4	4.2	2009-12-15 23:45	349.9			1.7	3.1	4.3	5.2
2010-01-15 01:00	15.0			-1.3	1.0	2.6	3.4	3.8	2010-01-15 01:00	15.0			0.2	2.0	4.3	5.1
2010-01-15 02:15	15.0			-1.4	1.0	2.6	3.4	3.8	2010-01-15 02:15	15.0			0.2	2.0	4.3	5.1
2010-01-15 03:30	15.1			-1.5	1.0	2.6	3.4	3.8	2010-01-15 03:30	15.1			0.2	2.0	4.3	5.1
2010-01-15 04:45	15.1			-1.6	0.9	2.6	3.4	3.8	2010-01-15 04:45	15.1			0.2	2.0	4.3	5.1
2010-01-15 06:00	15.2			-1.7	1.0	2.6	3.4	3.8	2010-01-15 06:00	15.2			0.2	2.0	4.3	5.1
2010-01-15 07:15	15.3			-1.7	1.0	2.6	3.4	3.8	2010-01-15 07:15	15.3			0.2	1.9	4.3	5.1
2010-01-15 08:30	15.3			-1.8	1.0	2.6	3.4	3.8	2010-01-15 08:30	15.3			0.2	1.9	4.3	5.1
2010-01-15 09:45	15.4			-1.9	1.0	2.6	3.4	3.8	2010-01-15 09:45	15.4			0.2	1.9	4.3	5.1
2010-01-15 11:00	15.4			-1.9	1.0	2.6	3.4	3.8	2010-01-15 11:00	15.4			0.2	1.9	4.3	5.1
2010-01-15 12:15	15.5			-2.0	0.9	2.6	3.4	3.8	2010-01-15 12:15	15.5			0.2	2.0	4.4	5.1
2010-01-15 13:30	15.5			-2.1	0.9	2.6	3.4	3.7	2010-01-15 13:30	15.5			0.2	2.0	4.4	5.1
2010-01-15 14:45	15.6			-2.1	0.9	2.6	3.4	3.8	2010-01-15 14:45	15.6			0.2	2.0	4.4	5.1
2010-01-15 16:00	15.6			-2.2	0.9	2.6	3.4	3.7	2010-01-15 16:00	15.6			0.2	1.9	4.4	5.1
2010-01-15 17:15	15.7			-2.2	1.0	2.6	3.4	3.7	2010-01-15 17:15	15.7			0.2	1.9	4.4	5.1
2010-01-15 18:30	15.7			-2.3	0.9	2.6	3.4	3.7	2010-01-15 18:30	15.7			0.2	1.9	4.4	5.1
2010-01-15 19:45	15.8			-2.4	1.0	2.6	3.4	3.7	2010-01-15 19:45	15.8			0.2	1.9	4.4	5.1
2010-01-15 21:00	15.8			-2.4	1.0	2.6	3.4	3.7	2010-01-15 21:00	15.8			0.2	1.9	4.3	5.1
2010-01-15 22:15	15.9			-2.4	1.0	2.6	3.4	3.7	2010-01-15 22:15	15.9			0.2	1.9	4.3	5.1
2010-01-15 23:30	15.9			-2.5	0.9	2.6	3.4	3.7	2010-01-15 23:30	15.9			0.2	1.9	4.3	5.1
2010-02-15 00:45	46.0			-1.9	0.1	2.3	2.7	3.8	2010-02-15 00:45	46.0			-0.8	0.9	4.0	5.1
2010-02-15 02:00	46.0			-1.9	0.1	2.3	2.7	3.8	2010-02-15 02:00	46.0			-0.8	0.9	4.0	5.1
2010-02-15 03:15	46.1			-1.9	0.1	2.3	2.7	3.8	2010-02-15 03:15	46.1			-0.8	0.9	4.0	5.1
2010-02-15 04:30	46.1			-1.8	0.1	2.3	2.6	3.8	2010-02-15 04:30	46.1			-0.7	0.9	4.0	5.1
2010-02-15 05:45	46.2			-1.8	0.1	2.3	2.6	3.8	2010-02-15 05:45	46.2			-0.7	0.9	4.0	5.1
2010-02-15 07:00	46.2			-1.8	0.1	2.3	2.6	3.8	2010-02-15 07:00	46.2			-0.7	0.9	4.0	5.1
2010-02-15 08:15	46.3			-1.8	0.1	2.3	2.6	3.8	2010-02-15 08:15	46.3			-0.7	0.9	4.1	5.0
2010-02-15 09:30	46.3			-1.7	0.1	2.3	2.6	3.8	2010-02-15 09:30	46.3			-0.7	0.9	4.1	5.0
2010-02-15 10:45	46.4			-1.7	0.1	2.3	2.6	3.8	2010-02-15 10:45	46.4			-0.7	0.9	4.1	5.0
2010-02-15 12:00	46.5			-1.7	0.1	2.3	2.6	3.8	2010-02-15 12:00	46.5			-0.7	0.9	4.1	5.0
2010-02-15 13:15	46.5			-1.7	0.1	2.3	2.5	3.8	2010-02-15 13:15	46.5			-0.7	0.9	4.1	5.0
2010-02-15 14:30	46.6			-1.7	0.1	2.3	2.5	3.8	2010-02-15 14:30	46.6			-0.6	0.9	4.1	5.0
2010-02-15 15:45	46.6			-1.6	0.1	2.3	2.5	3.8	2010-02-15 15:45	46.6			-0.6	0.9	4.1	5.0
2010-02-15 17:00	46.7			-1.6	0.1	2.3	2.5	3.8	2010-02-15 17:00	46.7			-0.6	0.9	4.1	5.0
2010-02-15 18:15	46.7			-1.6	0.1	2.3	2.5	3.8	2010-02-15 18:15	46.7			-0.6	0.9	4.1	5.0
2010-02-15 19:30	46.8			-1.6	0.1	2.3	2.5	3.8	2010-02-15 19:30	46.8			-0.6	0.9	4.1	5.0
2010-02-15 20:45	46.8			-1.5	0.1	2.3	2.5	3.8	2010-02-15 20:45	46.8			-0.6	0.9	4.1	5.0
2010-02-15 22:00	46.9			-1.5	0.1	2.3	2.5	3.8	2010-02-15 22:00	46.9			-0.6	0.9	4.1	5.0
2010-02-15 23:15	46.9			-1.5	0.1	2.3	2.5	3.8	2010-02-15 23:15	46.9			-0.6	0.9	4.1	5.0
2010-03-15 00:00	74.0			-2.2	-0.4	2.1	2.9	3.7	2010-03-15 00:00	74.0			-1.0	0.1	4.0	4.8
2010-03-15 01:15	74.0			-2.2	-0.4	2.1	2.9	3.7	2010-03-15 01:15	74.0			-1.0	0.1	4.0	4.8
2010-03-15 02:30	74.1			-2.2	-0.4	2.1	2.9	3.7	2010-03-15 02:30	74.1			-1.0	0.1	4.0	4.8
2010-03-15 03:45	74.1			-2.2	-0.4	2.1	2.9	3.7	2010-03-15 03:45	74.1			-1.0	0.1	4.0	4.8
2010-03-15 05:00	74.2			-2.2	-0.4	2.1	2.9	3.7	2010-03-15 05:00	74.2			-1.0	0.1	4.1	4.8
2010-03-15 06:15	74.2			-2.2	-0.4	2.1	2.9	3.7	2010-03-15 06:15	74.2			-1.0	0.1	4.1	4.8
2010-03-15 07:30	74.3			-2.1	-0.4	2.1	2.9	3.7	2010-03-15 07:30	74.3			-1.0	0.1	4.1	4.8
2010-03-15 08:45	74.3			-2.1	-0.4	2.1	2.9	3.7	2010-03-15 08:45	74.3			-1.0	0.1	4.1	4.8
2010-03-15 10:00	74.4			-2.1	-0.4	2.1	2.9	3.7	2010-03-15 10:00	74.4			-1.0	0.1	4.1	4.8
2010-03-15 11:15	74.4			-2.1	-0.4	2.1	2.9	3.7	2010-03-15 11:15	74.4			-0.9	0.1	4.1	4.8
2010-03-15 12:30	74.5			-2.1	-0.4	2.1	2.9	3.7	2010-03-15 12:30	74.5			-0.9	0.1	4.1	4.8
2010-03-15 13:45	74.5			-2.1	-0.4	2.1	2.9	3.7	2010-03-15 13:45	74.5			-0.9	0.1	4.1	4.8
2010-03-15 15:00	74.6			-2.1	-0.4	2.1	2.9	3.7	2010-03-15 15:00	74.6			-0.9	0.1	4.1	4.8
2010-03-15 16:15	74.6			-2.1	-0.4	2.1	2.9	3.7	2010-03-15 16:15	74.6			-0.9	0.1	4.1	4.8
2010-03-15 17:30	74.7			-2.1	-0.4	2.1	2.9	3.7	2010-03-15 17:30	74.7			-0.9	0.1	4.1	4.8
2010-03-15 18:45	74.7			-2.1	-0.4	2.1	2.9	3.7	2010-03-15 18:45	74.7			-0.9	0.1	4.1	4.8
2010-03-15 20:00	74.8			-2.1	-0.4	2.1	2.9	3.7	2010-03-15 20:00	74.8			-0.9	0.1	4.1	4.8
2010-03-15 21:15	74.8			-2.1	-0.4	2.1	2.9	3.7	2010-03-15 21:15	74.8			-0.9	0.1	4.1	4.8
2010-03-15 22:30	74.9			-2.1	-0.4	2.1	2.9	3.7	2010-03-15 22:30	74.9			-0.9	0.1	4.1	4.8
2010-03-15 23:45	74.9			-2.0	-0.4	2.1	2.9	3.7	2010-03-15 23:45	74.9			-0.9	0.1	4.1	4.8
2010-04-15 01:00	105.0			-0.0	0.0	2.0	3.0	3.7	2010-04-15 01:00	105.0			0.0	0.2	3.9	4.9
2010-04-15 02:15	105.0			-0.0	0.0	2.0	3.0	3.7	2010-04-15 02:15	105.0			0.0	0.2	3.9	4.9
2010-04-15 03:30	105.1			-0.0	0.0	2.0	3.0	3.7	2010-04-15 03:30	105.1			0.0	0.2	3.9	4.9
2010-04-15 04:45	105.1			-0.0	0.0	2.0	3.0	3.7	2010-04-15 04:45	105.1			0.0	0.2	3.9	4.9
2010-04-15 06:00	105.2			0.0	0.0	2.0	3.0	3.7	2010-04-15 06:00	105.2			0.0	0.2	3.9	4.9
2010-04-15 07:15	105.3			0.0	0.0	2.0	3.0	3.7	2010-04-15 07:15	105.3			0.0	0.2	3.9	4.9
2010-04-15 08:30	105.3			0.1	0.0	2.0	3.0	3.7	2010-04-15 08:30	105.3			0.1	0.3	3.9	4.9
2010-04-15 09:45	105.4			0.2	0.0	2.0	3.0	3.7	2010-04-15 09:45	105.4			0.1	0.3	3.9	4.9
2010-04-15 11:00	105.4			0.4	0.1	2.0	3.0	3.7	2010-04-15 11:00	105.4			0.2	0.4	3.9	4.9
2010-04-15 12:15	105.5			0.5	0.1	2.0	3.0	3.7	2010-04-15 12:15	105.5			0.3	0.5	3.9	4.9
2010-04-15 13:30	105.5			0.5	0.1	2.0	3.0	3.7	2010-04-15 13:30	105.5			0.3	0.6	3.9	4.9
2010-04-15 14:45	105.6			0.4	0.1	2.0	3.0	3.7	2010-04-15 14:45	105.6			0.2	0.6	3.9	4.9
2010-04-15 16:00	105.6			0.4	0.0	2.0	3.0	3.7	2010-04-15 16:00	105.6			0.2	0.4	3.5	4.9
2010-04-15 17:15	105.7			0.3	0.0	2.0	3.0	3.7	2010-04-15 17:15	105.7			0.2	0.6	3.6	4.9
2010-04-15 18:30	105.7			0.2	0.0	2.0	3.0	3.7	2010-04-15 18:30	105.7			0.1	0.5	3.6	4.9
2010-04-15 19:45	105.8			0.1	0.0	2.0	3.0	3.7	2010-04-15 19:45	105.8			0.0	0.4	3.7	4.8
2010-04-15 21:00	105.8			-0.0	0.0	2.0	3.0	3.7	2010-04-15 21:00	105.8			0.0	0.3	3.7	4.9
2010-04-15 22:15	105.9			-0.0	0.0	2.0	3.0	3.7	2010-04-15 22:15	105.9			0.0	0.3	3.7	4.8
2010-04-15 23:30	105.9			-0.0	0.0	1.9	3.0	3.7	2010-04-15 23:30	105.9			0.0	0.3	3.7	4.9
2010-05-15 01:00	135.0			0.0	0.1	0.5	3.0	3.6	2010-05-15 01:00	135.0			0.0	5.9	3.8	4.9
2010-05-15 02:15	135.0			0.0	0.0	0.5	3.0	3.6	2010-05-15 02:15	135.0			0.0	5.8	3.8	4.9
2010-05-15 03:30	135.1			0.0	0.1	0.5	2.9	3.6	2010-05-15 03:30	135.1			0.1	5.7	3.8	4.9
2010-05-15 04:45	135.1			0.1	0.1	0.5	2.9	3.6	2010-05-15 04:45	135.1			0.2	5.5	3.8	4.9
2010-05-15 06:00	135.2			0.2	0.2	0.4	2.9	3.6	2010-05-15 06:00	135.2			0.2	5.3	3.8	4.9
2010-05-15 07:15	135.3			0.3	0.3	0.4	2.9	3.6	2010-05-15 07:15	135.3			0.3	5.1	3.8	4.8
2010-05-15 08:30	135.3			0.6	0.5	0.5	3.0	3.6	2010-05-15 08:30	135.3			0.5	5.2	3.8	4.8
2010-05-15 09:45	135.4			1.2	0.9	0.4	2.9	3.6	2010-05-15 09:45	135.4			0.8	5.3	3.8	4.8
2010-05-15 11:00	135.4			1.2	0.9	0.5	3.0	3.6	2010-05-15 11:00	135.4			1.0	5.1	3.8	4.8
2010-05-15 12:15	135.5			1.3	1.0	0.6	3.0	3.6	2010-05-15 12:15	135.5			1.1	4.6	3.8	4.8
2010-05-15 13:30	135.5			1.3	1.3	0.8	3.0	3.6	2010-05-15 13:30	135.5			1.0	4.7	3.8	4.8
2010-05-15 14:45	135.6			1.2	1.4	1.1	3.0	3.6	2010-05-15 14:45	135.6			1.0	4.4	3.8	4.8
2010-05-15 16:00	135.6			1.0	1.3	1.1	3.0	3.6	2010-05-15 16:00	135.6			0.9	4.7	3.8	4.8
2010-05-15 17:15	135.7			0.8	1.4	1.5	3.0	3.6	2010-05-15 17:15	135.7			0.7	4.4	3.9	4.8
2010-05-15 18:30	135.7			0.6	1.5	1.7	3.0	3.6	2010-05-15 18:30	135.7			0.6	4.6	3.9	4.8
2010-05-15 19:45	135.8			0.4	1.4	2.3	2.9	3.6	2010-05-15 19:45	135.8			0.4	4.3	3.9	4.8
2010-05-15 21:00	135.8			0.2	1.5	2.3	2.9	3.6	2010-05-15 21:00	135.8			0.3	4.8	3.9	4.8
2010-05-15 22:15	135.9			0.0	2.0	2.8	2.8	3.6	2010-05-15 22:15	135.9			0.1	4.7	3.9	4.8
2010-05-15 23:30	135.9			0.0	2.1	2.8	2.8	3.6	2010-05-15 23:30	135.9			0.1	4.4	3.9	4.8
