MH_0.1
162.938
162.972
163.007
163.042
163.076
163.111
163.146
163.181
163.215
163.250
163.285
163.319
163.354
163.389
163.424
163.458
163.493
163.528
163.563
163.597
163.632
163.667
163.701
163.736
163.771
163.806
163.840
163.875
163.910
163.944
163.979
164.014
164.049
164.083
164.118
164.153
164.188
164.222
164.257
164.292
164.326
164.361
164.396
164.431
164.465
164.500
164.535
164.569
164.604
164.639
164.674
164.708
164.743
164.778
164.813
164.847
164.882
164.917
164.951
164.986
165.021
165.056
165.090
165.125
165.160
165.194
165.229
165.264
165.299
165.333
165.368
165.403
165.438
165.472
165.507
165.542
165.576
165.611
165.646
165.681
165.715
165.750
165.785
165.819
165.854
165.889
165.924
165.958
165.993
166.028
166.063
166.097
166.132
166.167
166.201
166.236
166.271
166.306
166.340
166.375
166.410
166.444
166.479
166.514
166.549
166.583
166.618
166.653
166.688
166.722
166.757
166.792
166.826
166.861
166.896
166.931
166.965
167.000
167.035
167.069
167.104
167.139
167.174
167.208
167.243
167.278
167.313
167.347
167.382
167.417
167.451
167.486
167.521
167.556
167.590
167.625
167.660
167.694
167.729
167.764
167.799
167.833
167.868
167.903
167.938
167.972
168.007
168.042
168.076
168.111
168.146
168.181
168.215
168.250
168.285
168.319
168.354
168.389
168.424
168.458
168.493
168.528
168.563
168.597
168.632
168.667
168.701
168.736
168.771
168.806
168.840
168.875
168.910
168.944
168.979
169.014
169.049
169.083
169.118
169.153
169.188
169.222
169.257
169.292
169.326
169.361
169.396
169.431
169.465
169.500
169.535
169.569
169.604
169.639
169.674
169.708
169.743
169.778
169.813
169.847
169.882
169.917
169.951
169.986
170.021
170.056
170.090
170.125
170.160
170.194
170.229
170.264
170.299
170.333
170.368
170.403
170.438
170.472
170.507
170.542
170.576
170.611
170.646
170.681
170.715
170.750
170.785
170.819
170.854
170.889
170.924
170.958
170.993
171.028
171.063
171.097
171.132
171.167
171.201
171.236
171.271
171.306
171.340
171.375
171.410
171.444
171.479
171.514
171.549
171.583
171.618
171.653
171.688
171.722
171.757
171.792
171.826
171.861
171.896
171.931
171.965
172.000
172.035
172.069
172.104
172.139
172.174
172.208
172.243
172.278
172.313
172.347
172.382
172.417
172.451
172.486
172.521
172.556
172.590
172.625
172.660
172.694
172.729
172.764
172.799
172.833
172.868
172.903
172.938
172.972
173.007
173.042
173.076
173.111
173.146
173.181
173.215
173.250
173.285
173.319
173.354
173.389
173.424
173.458
173.493
173.528
173.563
173.597
173.632
173.667
173.701
173.736
173.771
173.806
173.840
173.875
173.910
173.944
173.979
174.014
174.049
174.083
174.118
174.153
174.188
174.222
174.257
174.292
174.326
174.361
174.396
174.431
174.465
174.500
174.535
174.569
174.604
174.639
174.674
174.708
174.743
174.778
174.813
174.847
174.882
174.917
174.951
174.986
175.021
175.056
175.090
175.125
175.160
175.194
175.229
175.264
175.299
175.333
175.368
175.403
175.438
175.472
175.507
175.542
175.576
175.611
175.646
175.681
175.715
175.750
175.785
175.819
175.854
175.889
175.924
175.958
175.993
176.028
176.063
176.097
176.132
176.167
176.201
176.236
176.271
176.306
176.340
176.375
176.410
176.444
176.479
176.514
176.549
176.583
176.618
176.653
176.688
176.722
176.757
176.792
176.826
176.861
176.896
176.931
176.965
177.000
177.035
177.069
177.104
177.139
177.174
177.208
177.243
177.278
177.313
177.347
177.382
177.417
177.451
177.486
177.521
177.556
177.590
177.625
177.660
177.694
177.729
177.764
177.799
177.833
177.868
177.903
177.938
177.972
178.007
178.042
178.076
178.111
178.146
178.181
178.215
178.250
178.285
178.319
178.354
178.389
178.424
178.458
178.493
178.528
178.563
178.597
178.632
178.667
178.701
178.736
178.771
178.806
178.840
178.875
178.910
178.944
178.979
179.014
179.049
179.083
179.118
179.153
179.188
179.222
179.257
179.292
179.326
179.361
179.396
179.431
179.465
179.500
179.535
179.569
179.604
179.639
179.674
179.708
179.743
179.778
179.813
179.847
179.882
179.917
179.951
179.986
180.021
180.056
180.090
180.125
180.160
180.194
180.229
180.264
180.299
180.333
180.368
180.403
180.438
180.472
180.507
180.542
180.576
180.611
180.646
180.681
180.715
180.750
180.785
180.819
180.854
180.889
180.924
180.958
180.993
181.028
181.063
181.097
181.132
181.167
181.201
181.236
181.271
181.306
181.340
181.375
181.410
181.444
181.479
181.514
181.549
181.583
181.618
181.653
181.688
181.722
181.757
181.792
181.826
181.861
181.896
181.931
181.965
182.000
182.035
182.069
182.104
182.139
182.174
182.208
182.243
182.278
182.313
182.347
182.382
182.417
182.451
182.486
182.521
182.556
182.590
182.625
182.660
182.694
182.729
182.764
182.799
182.833
182.868
182.903
182.938
182.972
183.007
183.042
183.076
183.111
183.146
183.181
183.215
183.250
183.285
183.319
183.354
183.389
183.424
183.458
183.493
183.528
183.563
183.597
183.632
183.667
183.701
183.736
183.771
183.806
183.840
183.875
183.910
183.944
183.979
184.014
184.049
184.083
184.118
184.153
184.188
184.222
184.257
184.292
184.326
184.361
184.396
184.431
184.465
184.500
184.535
184.569
184.604
184.639
184.674
184.708
184.743
184.778
184.813
184.847
184.882
184.917
184.951
184.986
185.021
185.056
185.090
185.125
185.160
185.194
185.229
185.264
185.299
185.333
185.368
185.403
185.438
185.472
185.507
185.542
185.576
185.611
185.646
185.681
185.715
185.750
185.785
185.819
185.854
185.889
185.924
185.958
185.993
186.028
186.063
186.097
186.132
186.167
186.201
186.236
186.271
186.306
186.340
186.375
186.410
186.444
186.479
186.514
186.549
186.583
186.618
186.653
186.688
186.722
186.757
186.792
186.826
186.861
186.896
186.931
186.965
187.000
187.035
187.069
187.104
187.139
187.174
187.208
187.243
187.278
187.313
187.347
187.382
187.417
187.451
187.486
187.521
187.556
187.590
187.625
187.660
187.694
187.729
187.764
187.799
187.833
187.868
187.903
187.938
187.972
188.007
188.042
188.076
188.111
188.146
188.181
188.215
188.250
188.285
188.319
188.354
188.389
188.424
188.458
188.493
188.528
188.563
188.597
188.632
188.667
188.701
188.736
188.771
188.806
188.840
188.875
188.910
188.944
188.979
189.014
189.049
189.083
189.118
189.153
189.188
189.222
189.257
189.292
189.326
189.361
189.396
189.431
189.465
189.500
189.535
189.569
189.604
189.639
189.674
189.708
189.743
189.778
189.813
189.847
189.882
189.917
189.951
189.986
190.021
190.056
190.090
190.125
190.160
190.194
190.229
190.264
190.299
190.333
190.368
190.403
190.438
190.472
190.507
190.542
190.576
190.611
190.646
190.681
190.715
190.750
190.785
190.819
190.854
190.889
190.924
190.958
190.993
191.028
191.063
191.097
191.132
191.167
191.201
191.236
191.271
191.306
191.340
191.375
191.410
191.444
191.479
191.514
191.549
191.583
191.618
191.653
191.688
191.722
191.757
191.792
191.826
191.861
191.896
191.931
191.965
192.000
192.035
192.069
192.104
192.139
192.174
192.208
192.243
192.278
192.313
192.347
192.382
192.417
192.451
192.486
192.521
192.556
192.590
192.625
192.660
192.694
192.729
192.764
192.799
192.833
192.868
192.903
192.938
192.972
193.007
193.042
193.076
193.111
193.146
193.181
193.215
193.250
193.285
193.319
193.354
193.389
193.424
193.458
193.493
193.528
193.563
193.597
193.632
193.667
193.701
193.736
193.771
193.806
193.840
193.875
193.910
193.944
193.979
194.014
194.049
194.083
194.118
194.153
194.188
194.222
194.257
194.292
194.326
194.361
194.396
194.431
194.465
194.500
194.535
194.569
194.604
194.639
194.674
194.708
194.743
194.778
194.813
194.847
194.882
194.917
194.951
194.986
195.021
195.056
195.090
195.125
195.160
195.194
195.229
195.264
195.299
195.333
195.368
195.403
195.438
195.472
195.507
195.542
195.576
195.611
195.646
195.681
195.715
195.750
195.785
195.819
195.854
195.889
195.924
195.958
195.993
196.028
196.063
196.097
196.132
196.167
196.201
196.236
196.271
196.306
196.340
196.375
196.410
196.444
196.479
196.514
196.549
196.583
196.618
196.653
196.688
196.722
196.757
196.792
196.826
196.861
196.896
196.931
196.965
197.000
197.035
197.069
197.104
197.139
197.174
197.208
197.243
197.278
197.313
197.347
197.382
197.417
197.451
197.486
197.521
197.556
197.590
197.625
197.660
197.694
197.729
197.764
197.799
197.833
197.868
197.903
197.938
197.972
198.007
198.042
198.076
198.111
198.146
198.181
198.215
198.250
198.285
198.319
198.354
198.389
198.424
198.458
198.493
198.528
198.563
198.597
198.632
198.667
198.701
198.736
198.771
198.806
198.840
198.875
198.910
198.944
198.979
199.014
199.049
199.083
199.118
199.153
199.188
199.222
199.257
199.292
199.326
199.361
199.396
199.431
199.465
199.500
199.535
199.569
199.604
199.639
199.674
199.708
199.743
199.778
199.813
199.847
199.882
199.917
199.951
199.986
200.021
200.056
200.090
200.125
200.160
200.194
200.229
200.264
200.299
200.333
200.368
200.403
200.438
200.472
200.507
200.542
200.576
200.611
200.646
200.681
200.715
200.750
200.785
200.819
200.854
200.889
200.924
200.958
200.993
201.028
201.063
201.097
201.132
201.167
201.201
201.236
201.271
201.306
201.340
201.375
201.410
201.444
201.479
201.514
201.549
201.583
201.618
201.653
201.688
201.722
201.757
201.792
201.826
201.861
201.896
201.931
201.965
202.000
202.035
202.069
202.104
202.139
202.174
202.208
202.243
202.278
202.313
202.347
202.382
202.417
202.451
202.486
202.521
202.556
202.590
202.625
202.660
202.694
202.729
202.764
202.799
202.833
202.868
202.903
202.938
202.972
203.007
203.042
203.076
203.111
203.146
203.181
203.215
203.250
203.285
203.319
203.354
203.389
203.424
203.458
203.493
203.528
203.563
203.597
203.632
203.667
203.701
203.736
203.771
203.806
203.840
203.875
203.910
203.944
203.979
204.014
204.049
204.083
204.118
204.153
204.188
204.222
204.257
204.292
204.326
204.361
204.396
204.431
204.465
204.500
204.535
204.569
204.604
204.639
204.674
204.708
204.743
204.778
204.813
204.847
204.882
204.917
204.951
204.986
205.021
205.056
205.090
205.125
205.160
205.194
205.229
205.264
205.299
205.333
205.368
205.403
205.438
205.472
205.507
205.542
205.576
205.611
205.646
205.681
205.715
205.750
205.785
205.819
205.854
205.889
205.924
205.958
205.993
206.028
206.063
206.097
206.132
206.167
206.201
206.236
206.271
206.306
206.340
206.375
206.410
206.444
206.479
206.514
206.549
206.583
206.618
206.653
206.688
206.722
206.757
206.792
206.826
206.861
206.896
206.931
206.965
207.000
207.035
207.069
207.104
207.139
207.174
207.208
207.243
207.278
207.313
207.347
207.382
207.417
207.451
207.486
207.521
207.556
207.590
207.625
207.660
207.694
207.729
207.764
207.799
207.833
207.868
207.903
207.938
207.972
208.007
208.042
208.076
208.111
208.146
208.181
208.215
208.250
208.285
208.319
208.354
208.389
208.424
208.458
208.493
208.528
208.563
208.597
208.632
208.667
208.701
208.736
208.771
208.806
208.840
208.875
208.910
208.944
208.979
209.014
209.049
209.083
209.118
209.153
209.188
209.222
209.257
209.292
209.326
209.361
209.396
209.431
209.465
209.500
209.535
209.569
209.604
209.639
209.674
209.708
209.743
209.778
209.813
209.847
209.882
209.917
209.951
209.986
210.021
210.056
210.090
210.125
210.160
210.194
210.229
210.264
210.299
210.333
210.368
210.403
210.438
210.472
210.507
210.542
210.576
210.611
210.646
210.681
210.715
210.750
210.785
210.819
210.854
210.889
210.924
210.958
210.993
211.028
211.063
211.097
211.132
211.167
211.201
211.236
211.271
211.306
211.340
211.375
211.410
211.444
211.479
211.514
211.549
211.583
211.618
211.653
211.688
211.722
211.757
211.792
211.826
211.861
211.896
211.931
211.965
212.000
212.035
212.069
212.104
212.139
212.174
212.208
212.243
212.278
212.313
212.347
212.382
212.417
212.451
212.486
212.521
212.556
212.590
212.625
212.660
212.694
212.729
212.764
212.799
212.833
212.868
212.903
212.938
212.972
213.007
213.042
213.076
213.111
213.146
213.181
213.215
213.250
213.285
213.319
213.354
213.389
213.424
213.458
213.493
213.528
213.563
213.597
213.632
213.667
213.701
213.736
213.771
213.806
213.840
213.875
213.910
213.944
213.979
214.014
214.049
214.083
214.118
214.153
214.188
214.222
214.257
214.292
214.326
214.361
214.396
214.431
214.465
214.500
214.535
214.569
214.604
214.639
214.674
214.708
214.743
214.778
214.813
214.847
214.882
214.917
214.951
214.986
215.021
215.056
215.090
215.125
215.160
215.194
215.229
215.264
215.299
215.333
215.368
215.403
215.438
215.472
215.507
215.542
215.576
215.611
215.646
215.681
215.715
215.750
215.785
215.819
215.854
215.889
215.924
215.958
215.993
216.028
216.063
216.097
216.132
216.167
216.201
216.236
216.271
216.306
216.340
216.375
216.410
216.444
216.479
216.514
216.549
216.583
216.618
216.653
216.688
216.722
216.757
216.792
216.826
216.861
216.896
216.931
216.965
217.000
217.035
217.069
217.104
217.139
217.174
217.208
217.243
217.278
217.313
217.347
217.382
217.417
217.451
217.486
217.521
217.556
217.590
217.625
217.660
217.694
217.729
217.764
217.799
217.833
217.868
217.903
217.938
217.972
218.007
218.042
218.076
218.111
218.146
218.181
218.215
218.250
218.285
218.319
218.354
218.389
218.424
218.458
218.493
218.528
218.563
218.597
218.632
218.667
218.701
218.736
218.771
218.806
218.840
218.875
218.910
218.944
218.979
219.014
219.049
219.083
219.118
219.153
219.188
219.222
219.257
219.292
219.326
219.361
219.396
219.431
219.465
219.500
219.535
219.569
219.604
219.639
219.674
219.708
219.743
219.778
219.813
219.847
219.882
219.917
219.951
219.986
220.021
220.056
220.090
220.125
220.160
220.194
220.229
220.264
220.299
220.333
220.368
220.403
220.438
220.472
220.507
220.542
220.576
220.611
220.646
220.681
220.715
220.750
220.785
220.819
220.854
220.889
220.924
220.958
220.993
221.028
221.063
221.097
221.132
221.167
221.201
221.236
221.271
221.306
221.340
221.375
221.410
221.444
221.479
221.514
221.549
221.583
221.618
221.653
221.688
221.722
221.757
221.792
221.826
221.861
221.896
221.931
221.965
222.000
222.035
222.069
222.104
222.139
222.174
222.208
222.243
222.278
222.313
222.347
222.382
222.417
222.451
222.486
222.521
222.556
222.590
222.625
222.660
222.694
222.729
222.764
222.799
222.833
222.868
222.903
222.938
222.972
223.007
223.042
223.076
223.111
223.146
223.181
223.215
223.250
223.285
223.319
223.354
223.389
223.424
223.458
223.493
223.528
223.563
223.597
223.632
223.667
223.701
223.736
223.771
223.806
223.840
223.875
223.910
223.944
223.979
224.014
224.049
224.083
224.118
224.153
224.188
224.222
224.257
224.292
224.326
224.361
224.396
224.431
224.465
224.500
224.535
224.569
224.604
224.639
224.674
224.708
224.743
224.778
224.813
224.847
224.882
224.917
224.951
224.986
225.021
225.056
225.090
225.125
225.160
225.194
225.229
225.264
225.299
225.333
225.368
225.403
225.438
225.472
225.507
225.542
225.576
225.611
225.646
225.681
225.715
225.750
225.785
225.819
225.854
225.889
225.924
225.958
225.993
226.028
226.063
226.097
226.132
226.167
226.201
226.236
226.271
226.306
226.340
226.375
226.410
226.444
226.479
226.514
226.549
226.583
226.618
226.653
226.688
226.722
226.757
226.792
226.826
226.861
226.896
226.931
226.965
227.000
227.035
227.069
227.104
227.139
227.174
227.208
227.243
227.278
227.313
227.347
227.382
227.417
227.451
227.486
227.521
227.556
227.590
227.625
227.660
227.694
227.729
227.764
227.799
227.833
227.868
227.903
227.938
227.972
228.007
228.042
228.076
228.111
228.146
228.181
228.215
228.250
228.285
228.319
228.354
228.389
228.424
228.458
228.493
228.528
228.563
228.597
228.632
228.667
228.701
228.736
228.771
228.806
228.840
228.875
228.910
228.944
228.979
229.014
229.049
229.083
229.118
229.153
229.188
229.222
229.257
229.292
229.326
229.361
229.396
229.431
229.465
229.500
229.535
229.569
229.604
229.639
229.674
229.708
229.743
229.778
229.813
229.847
229.882
229.917
229.951
229.986
230.021
230.056
230.090
230.125
230.160
230.194
230.229
230.264
230.299
230.333
230.368
230.403
230.438
230.472
230.507
230.542
230.576
230.611
230.646
230.681
230.715
230.750
230.785
230.819
230.854
230.889
230.924
230.958
230.993
231.028
231.063
231.097
231.132
231.167
231.201
231.236
231.271
231.306
231.340
231.375
231.410
231.444
231.479
231.514
231.549
231.583
231.618
231.653
231.688
231.722
231.757
231.792
231.826
231.861
231.896
231.931
231.965
232.000
232.035
232.069
232.104
232.139
232.174
232.208
232.243
232.278
232.313
232.347
232.382
232.417
232.451
232.486
232.521
232.556
232.590
232.625
232.660
232.694
232.729
232.764
232.799
232.833
232.868
232.903
232.938
232.972
233.007
233.042
233.076
233.111
233.146
233.181
233.215
233.250
233.285
233.319
233.354
233.389
233.424
233.458
233.493
233.528
233.563
233.597
233.632
233.667
233.701
233.736
233.771
233.806
233.840
233.875
233.910
233.944
233.979
234.014
234.049
234.083
234.118
234.153
234.188
234.222
234.257
234.292
234.326
234.361
234.396
234.431
234.465
234.500
234.535
234.569
234.604
234.639
234.674
234.708
234.743
234.778
234.813
234.847
234.882
234.917
234.951
234.986
235.021
235.056
235.090
235.125
235.160
235.194
235.229
235.264
235.299
235.333
235.368
235.403
235.438
235.472
235.507
235.542
235.576
235.611
235.646
235.681
235.715
235.750
235.785
235.819
235.854
235.889
235.924
235.958
235.993
236.028
236.063
236.097
236.132
236.167
236.201
236.236
236.271
236.306
236.340
236.375
236.410
236.444
236.479
236.514
236.549
236.583
236.618
236.653
236.688
236.722
236.757
236.792
236.826
236.861
236.896
236.931
236.965
237.000
237.035
237.069
237.104
237.139
237.174
237.208
237.243
237.278
237.313
237.347
237.382
237.417
237.451
237.486
237.521
237.556
237.590
237.625
237.660
237.694
237.729
237.764
237.799
237.833
237.868
237.903
237.938
237.972
238.007
238.042
238.076
238.111
238.146
238.181
238.215
238.250
238.285
238.319
238.354
238.389
238.424
238.458
238.493
238.528
238.563
238.597
238.632
238.667
238.701
238.736
238.771
238.806
238.840
238.875
238.910
238.944
238.979
239.014
239.049
239.083
239.118
239.153
239.188
239.222
239.257
239.292
239.326
239.361
239.396
239.431
239.465
239.500
239.535
239.569
239.604
239.639
239.674
239.708
239.743
239.778
239.813
239.847
239.882
239.917
239.951
239.986
240.021
240.056
240.090
240.125
240.160
240.194
240.229
240.264
240.299
240.333
240.368
240.403
240.438
240.472
240.507
240.542
240.576
MH_0.1
241.563
241.597
241.632
241.667
241.701
241.736
241.771
241.806
241.840
241.875
241.910
241.944
241.979
242.014
242.049
242.083
242.118
242.153
242.188
242.222
242.257
242.292
242.326
242.361
242.396
242.431
242.465
242.500
242.535
242.569
242.604
242.639
242.674
242.708
242.743
242.778
242.813
242.847
242.882
242.917
242.951
242.986
243.021
243.056
243.090
243.125
243.160
243.194
243.229
243.264
243.299
243.333
243.368
243.403
243.438
243.472
243.507
243.542
243.576
243.611
243.646
243.681
243.715
243.750
243.785
243.819
243.854
243.889
243.924
243.958
243.993
244.028
244.063
244.097
244.132
244.167
244.201
244.236
244.271
244.306
244.340
244.375
244.410
244.444
244.479
244.514
244.549
244.583
244.618
244.653
244.688
244.722
244.757
244.792
244.826
244.861
244.896
244.931
244.965
245.000
245.035
245.069
245.104
245.139
245.174
245.208
245.243
245.278
245.313
245.347
245.382
245.417
245.451
245.486
245.521
245.556
245.590
245.625
245.660
245.694
245.729
245.764
245.799
245.833
245.868
245.903
245.938
245.972
246.007
246.042
246.076
246.111
246.146
246.181
246.215
246.250
246.285
246.319
246.354
246.389
246.424
246.458
246.493
246.528
246.563
246.597
246.632
246.667
246.701
246.736
246.771
246.806
246.840
246.875
246.910
246.944
246.979
247.014
247.049
247.083
247.118
247.153
247.188
247.222
247.257
247.292
247.326
247.361
247.396
247.431
247.465
247.500
247.535
247.569
247.604
247.639
247.674
247.708
247.743
247.778
247.813
247.847
247.882
247.917
247.951
247.986
248.021
248.056
248.090
248.125
248.160
248.194
248.229
248.264
248.299
248.333
248.368
248.403
248.438
248.472
248.507
248.542
248.576
248.611
248.646
248.681
248.715
248.750
248.785
248.819
248.854
248.889
248.924
248.958
248.993
249.028
249.063
249.097
249.132
249.167
249.201
249.236
249.271
249.306
249.340
249.375
249.410
249.444
249.479
249.514
249.549
249.583
249.618
249.653
249.688
249.722
249.757
249.792
249.826
249.861
249.896
249.931
249.965
250.000
250.035
250.069
250.104
250.139
250.174
250.208
250.243
250.278
250.313
250.347
250.382
250.417
250.451
250.486
250.521
250.556
250.590
250.625
250.660
250.694
250.729
250.764
250.799
250.833
250.868
250.903
250.938
250.972
251.007
251.042
251.076
251.111
251.146
251.181
251.215
251.250
251.285
251.319
251.354
251.389
251.424
251.458
251.493
251.528
251.563
251.597
251.632
251.667
251.701
251.736
251.771
251.806
251.840
251.875
251.910
251.944
251.979
252.014
252.049
252.083
252.118
252.153
252.188
252.222
252.257
252.292
252.326
252.361
252.396
252.431
252.465
252.500
252.535
252.569
252.604
252.639
252.674
252.708
252.743
252.778
252.813
252.847
252.882
252.917
252.951
252.986
253.021
253.056
253.090
253.125
253.160
253.194
253.229
253.264
253.299
253.333
253.368
253.403
253.438
253.472
253.507
253.542
253.576
253.611
253.646
253.681
253.715
253.750
253.785
253.819
253.854
253.889
253.924
253.958
253.993
254.028
254.063
254.097
254.132
254.167
254.201
254.236
254.271
254.306
254.340
254.375
254.410
254.444
254.479
254.514
254.549
254.583
254.618
254.653
254.688
254.722
254.757
254.792
254.826
254.861
254.896
254.931
254.965
255.000
255.035
255.069
255.104
255.139
255.174
255.208
255.243
255.278
255.313
255.347
255.382
255.417
255.451
255.486
255.521
255.556
255.590
255.625
255.660
255.694
255.729
255.764
255.799
255.833
255.868
255.903
255.938
255.972
256.007
256.042
256.076
256.111
256.146
256.181
256.215
256.250
256.285
256.319
256.354
256.389
256.424
256.458
256.493
256.528
256.563
256.597
256.632
256.667
256.701
256.736
256.771
256.806
256.840
256.875
256.910
256.944
256.979
257.014
257.049
257.083
257.118
257.153
257.188
257.222
257.257
257.292
257.326
257.361
257.396
257.431
257.465
257.500
257.535
257.569
257.604
257.639
257.674
257.708
257.743
257.778
257.813
257.847
257.882
257.917
257.951
257.986
258.021
258.056
258.090
258.125
258.160
258.194
258.229
258.264
258.299
258.333
258.368
258.403
258.438
258.472
258.507
258.542
258.576
258.611
258.646
258.681
258.715
258.750
258.785
258.819
258.854
258.889
258.924
258.958
258.993
259.028
259.063
259.097
259.132
259.167
259.201
259.236
259.271
259.306
259.340
259.375
259.410
259.444
259.479
259.514
259.549
259.583
259.618
259.653
259.688
259.722
259.757
259.792
259.826
259.861
259.896
259.931
259.965
260.000
260.035
260.069
260.104
260.139
260.174
260.208
260.243
260.278
260.313
260.347
260.382
260.417
260.451
260.486
260.521
260.556
260.590
260.625
260.660
260.694
260.729
260.764
260.799
260.833
260.868
260.903
260.938
260.972
261.007
261.042
261.076
261.111
261.146
261.181
261.215
261.250
261.285
261.319
261.354
261.389
261.424
261.458
261.493
261.528
261.563
261.597
261.632
261.667
261.701
261.736
261.771
261.806
261.840
261.875
261.910
261.944
261.979
262.014
262.049
262.083
262.118
262.153
262.188
262.222
262.257
262.292
262.326
262.361
262.396
262.431
262.465
262.500
262.535
262.569
262.604
262.639
262.674
262.708
262.743
262.778
262.813
262.847
262.882
262.917
262.951
262.986
263.021
263.056
263.090
263.125
263.160
263.194
263.229
263.264
263.299
263.333
263.368
263.403
263.438
263.472
263.507
263.542
263.576
263.611
263.646
263.681
263.715
263.750
263.785
263.819
263.854
263.889
263.924
263.958
263.993
264.028
264.063
264.097
264.132
264.167
264.201
264.236
264.271
264.306
264.340
264.375
264.410
264.444
264.479
264.514
264.549
264.583
264.618
264.653
264.688
264.722
264.757
264.792
264.826
264.861
264.896
264.931
264.965
265.000
265.035
265.069
265.104
265.139
265.174
265.208
265.243
265.278
265.313
265.347
265.382
265.417
265.451
265.486
265.521
265.556
265.590
265.625
265.660
265.694
265.729
265.764
265.799
265.833
265.868
265.903
265.938
265.972
266.007
266.042
266.076
266.111
266.146
266.181
266.215
266.250
266.285
266.319
266.354
266.389
266.424
266.458
266.493
266.528
266.563
266.597
266.632
266.667
266.701
266.736
266.771
266.806
266.840
266.875
266.910
266.944
266.979
267.014
267.049
267.083
267.118
267.153
267.188
267.222
267.257
267.292
267.326
267.361
267.396
267.431
267.465
267.500
267.535
267.569
267.604
267.639
267.674
267.708
267.743
267.778
267.813
267.847
267.882
267.917
267.951
267.986
268.021
268.056
268.090
268.125
268.160
268.194
268.229
268.264
268.299
268.333
268.368
268.403
268.438
268.472
268.507
268.542
268.576
268.611
268.646
268.681
268.715
268.750
268.785
268.819
268.854
268.889
268.924
268.958
268.993
269.028
269.063
269.097
269.132
269.167
269.201
269.236
269.271
269.306
269.340
269.375
269.410
269.444
269.479
269.514
269.549
269.583
269.618
269.653
269.688
269.722
269.757
269.792
269.826
269.861
269.896
269.931
269.965
270.000
270.035
270.069
270.104
270.139
270.174
270.208
270.243
270.278
270.313
270.347
270.382
270.417
270.451
270.486
270.521
270.556
270.590
270.625
270.660
270.694
270.729
270.764
270.799
270.833
270.868
270.903
270.938
270.972
271.007
271.042
271.076
271.111
271.146
271.181
271.215
271.250
271.285
271.319
271.354
271.389
271.424
271.458
271.493
271.528
271.563
271.597
271.632
271.667
271.701
271.736
271.771
271.806
271.840
271.875
271.910
271.944
271.979
272.014
272.049
272.083
272.118
272.153
272.188
272.222
272.257
272.292
272.326
272.361
272.396
272.431
272.465
272.500
272.535
272.569
272.604
272.639
272.674
272.708
272.743
272.778
272.813
272.847
272.882
272.917
272.951
272.986
273.021
273.056
273.090
273.125
273.160
273.194
273.229
273.264
273.299
273.333
273.368
273.403
273.438
273.472
273.507
273.542
273.576
273.611
273.646
273.681
273.715
273.750
273.785
273.819
273.854
273.889
273.924
273.958
273.993
274.028
274.063
274.097
274.132
274.167
274.201
274.236
274.271
274.306
274.340
274.375
274.410
274.444
274.479
274.514
274.549
274.583
274.618
274.653
274.688
274.722
274.757
274.792
274.826
274.861
274.896
274.931
274.965
275.000
275.035
275.069
275.104
275.139
275.174
275.208
275.243
275.278
275.313
275.347
275.382
275.417
275.451
275.486
275.521
275.556
275.590
275.625
275.660
275.694
275.729
275.764
275.799
275.833
275.868
275.903
275.938
275.972
276.007
276.042
276.076
276.111
276.146
276.181
276.215
276.250
276.285
276.319
276.354
276.389
276.424
276.458
276.493
276.528
276.563
276.597
276.632
276.667
276.701
276.736
276.771
276.806
276.840
276.875
276.910
276.944
276.979
277.014
277.049
277.083
277.118
277.153
277.188
277.222
277.257
277.292
277.326
277.361
277.396
277.431
277.465
277.500
277.535
277.569
277.604
277.639
277.674
277.708
277.743
277.778
277.813
277.847
277.882
277.917
277.951
277.986
278.021
278.056
278.090
278.125
278.160
278.194
278.229
278.264
278.299
278.333
278.368
278.403
278.438
278.472
278.507
278.542
278.576
278.611
278.646
278.681
278.715
278.750
278.785
278.819
278.854
278.889
278.924
278.958
278.993
279.028
279.063
279.097
279.132
279.167
279.201
279.236
279.271
279.306
279.340
279.375
279.410
279.444
279.479
279.514
279.549
279.583
279.618
279.653
279.688
279.722
279.757
279.792
279.826
279.861
279.896
279.931
279.965
280.000
280.035
280.069
280.104
280.139
280.174
280.208
280.243
280.278
280.313
280.347
280.382
280.417
280.451
280.486
280.521
280.556
280.590
280.625
280.660
280.694
280.729
280.764
280.799
280.833
280.868
280.903
280.938
280.972
281.007
281.042
281.076
281.111
281.146
281.181
281.215
281.250
281.285
281.319
281.354
281.389
281.424
281.458
281.493
281.528
281.563
281.597
281.632
281.667
281.701
281.736
281.771
281.806
281.840
281.875
281.910
281.944
281.979
282.014
282.049
282.083
282.118
282.153
282.188
282.222
282.257
282.292
282.326
282.361
282.396
282.431
282.465
282.500
282.535
282.569
282.604
282.639
282.674
282.708
282.743
282.778
282.813
282.847
282.882
282.917
282.951
282.986
283.021
283.056
283.090
283.125
283.160
283.194
283.229
283.264
283.299
283.333
283.368
283.403
283.438
283.472
283.507
283.542
283.576
283.611
283.646
283.681
283.715
283.750
283.785
283.819
283.854
283.889
283.924
283.958
283.993
284.028
284.063
284.097
284.132
284.167
284.201
284.236
284.271
284.306
284.340
284.375
284.410
284.444
284.479
284.514
284.549
284.583
284.618
284.653
284.688
284.722
284.757
284.792
284.826
284.861
284.896
284.931
284.965
285.000
285.035
285.069
285.104
285.139
285.174
285.208
285.243
285.278
285.313
285.347
285.382
285.417
285.451
285.486
285.521
285.556
285.590
285.625
285.660
MH_0.1
288.740
288.792
288.844
288.896
288.948
289.000
289.052
289.104
289.156
289.208
289.260
289.313
289.365
289.417
289.469
289.521
289.573
289.625
289.677
289.729
289.781
289.833
289.885
289.938
289.990
290.042
290.094
290.146
290.198
290.250
290.302
290.354
290.406
290.458
290.510
290.563
290.615
290.667
290.719
290.771
290.823
290.875
290.927
290.979
291.031
291.083
291.135
291.188
291.240
291.292
291.344
291.396
291.448
291.500
291.552
291.604
291.656
291.708
291.760
291.813
291.865
291.917
291.969
292.021
292.073
292.125
292.177
292.229
292.281
292.333
292.385
292.438
292.490
292.542
292.594
292.646
292.698
292.750
292.802
292.854
292.906
292.958
293.010
293.063
293.115
293.167
293.219
293.271
293.323
293.375
293.427
293.479
293.531
293.583
293.635
293.688
293.740
293.792
293.844
293.896
293.948
294.000
294.052
294.104
294.156
294.208
294.260
294.313
294.365
294.417
294.469
294.521
294.573
294.625
294.677
294.729
294.781
294.833
294.885
294.938
294.990
295.042
295.094
295.146
295.198
295.250
295.302
295.354
295.406
295.458
295.510
295.563
295.615
295.667
295.719
295.771
295.823
295.875
295.927
295.979
296.031
296.083
296.135
296.188
296.240
296.292
296.344
296.396
296.448
296.500
296.552
296.604
296.656
296.708
296.760
296.813
296.865
296.917
296.969
297.021
297.073
297.125
297.177
297.229
297.281
297.333
297.385
297.438
297.490
297.542
297.594
297.646
297.698
297.750
297.802
297.854
297.906
297.958
298.010
298.063
298.115
298.167
298.219
298.271
298.323
298.375
298.427
298.479
298.531
298.583
298.635
298.688
298.740
298.792
298.844
298.896
298.948
299.000
299.052
299.104
299.156
299.208
299.260
299.313
299.365
299.417
299.469
299.521
299.573
299.625
299.677
299.729
299.781
299.833
299.885
299.938
299.990
300.042
300.094
300.146
300.198
300.250
300.302
300.354
300.406
300.458
300.510
300.563
300.615
300.667
300.719
300.771
300.823
300.875
300.927
300.979
301.031
301.083
301.135
301.188
301.240
301.292
301.344
301.396
301.448
301.500
301.552
301.604
301.656
301.708
301.760
301.813
301.865
301.917
301.969
302.021
302.073
302.125
302.177
302.229
302.281
302.333
302.385
302.438
302.490
302.542
302.594
302.646
302.698
302.750
302.802
302.854
302.906
302.958
303.010
303.063
303.115
303.167
303.219
303.271
303.323
303.375
303.427
303.479
303.531
303.583
303.635
303.688
303.740
303.792
303.844
303.896
303.948
304.000
304.052
304.104
304.156
304.208
304.260
304.313
304.365
304.417
304.469
304.521
304.573
304.625
304.677
304.729
304.781
304.833
304.885
304.938
304.990
305.042
305.094
305.146
305.198
305.250
305.302
305.354
305.406
305.458
305.510
305.563
305.615
305.667
305.719
305.771
305.823
305.875
305.927
305.979
306.031
306.083
306.135
306.188
306.240
306.292
306.344
306.396
306.448
306.500
306.552
306.604
306.656
306.708
306.760
306.813
306.865
306.917
306.969
307.021
307.073
307.125
307.177
307.229
307.281
307.333
307.385
307.438
307.490
307.542
307.594
307.646
307.698
307.750
307.802
307.854
307.906
307.958
308.010
308.063
308.115
308.167
308.219
308.271
308.323
308.375
308.427
308.479
308.531
308.583
308.635
308.688
308.740
308.792
308.844
308.896
308.948
309.000
309.052
309.104
309.156
309.208
309.260
309.313
309.365
309.417
309.469
309.521
309.573
309.625
309.677
309.729
309.781
309.833
309.885
309.938
309.990
310.042
310.094
310.146
310.198
310.250
310.302
310.354
310.406
310.458
310.510
310.563
310.615
310.667
310.719
310.771
310.823
310.875
310.927
310.979
311.031
311.083
311.135
311.188
311.240
311.292
311.344
311.396
311.448
311.500
311.552
311.604
311.656
311.708
311.760
311.813
311.865
311.917
311.969
312.021
312.073
312.125
312.177
312.229
312.281
312.333
312.385
312.438
312.490
312.542
312.594
312.646
312.698
312.750
312.802
312.854
312.906
312.958
313.010
313.063
313.115
313.167
313.219
313.271
313.323
313.375
313.427
313.479
313.531
313.583
313.635
313.688
313.740
313.792
313.844
313.896
313.948
314.000
314.052
314.104
314.156
314.208
314.260
314.313
314.365
314.417
314.469
314.521
314.573
314.625
314.677
314.729
314.781
314.833
314.885
314.938
314.990
315.042
315.094
315.146
315.198
315.250
315.302
315.354
315.406
315.458
315.510
315.563
315.615
315.667
315.719
315.771
315.823
315.875
315.927
315.979
316.031
316.083
316.135
316.188
316.240
316.292
316.344
316.396
316.448
316.500
316.552
316.604
316.656
316.708
316.760
316.813
316.865
316.917
316.969
317.021
317.073
317.125
317.177
317.229
317.281
317.333
317.385
317.438
317.490
317.542
317.594
317.646
317.698
317.750
317.802
317.854
317.906
317.958
318.010
318.063
318.115
318.167
318.219
318.271
318.323
318.375
318.427
318.479
318.531
318.583
318.635
318.688
318.740
318.792
318.844
318.896
318.948
319.000
319.052
319.104
319.156
319.208
319.260
319.313
319.365
319.417
319.469
319.521
319.573
319.625
319.677
319.729
319.781
319.833
319.885
319.938
319.990
320.042
320.094
320.146
320.198
320.250
320.302
320.354
320.406
320.458
320.510
320.563
320.615
320.667
320.719
320.771
320.823
320.875
320.927
320.979
321.031
321.083
321.135
321.188
321.240
321.292
321.344
321.396
321.448
321.500
321.552
321.604
321.656
321.708
321.760
321.813
321.865
321.917
321.969
322.021
322.073
322.125
322.177
322.229
322.281
322.333
322.385
322.438
322.490
322.542
322.594
322.646
322.698
322.750
322.802
322.854
322.906
322.958
323.010
323.063
323.115
323.167
323.219
323.271
323.323
323.375
323.427
323.479
323.531
323.583
323.635
323.688
323.740
323.792
323.844
323.896
323.948
324.000
324.052
324.104
324.156
324.208
324.260
324.313
324.365
324.417
324.469
324.521
324.573
324.625
324.677
324.729
324.781
324.833
324.885
324.938
324.990
325.042
325.094
325.146
325.198
325.250
325.302
325.354
325.406
325.458
325.510
325.563
325.615
325.667
325.719
325.771
325.823
325.875
325.927
325.979
326.031
326.083
326.135
326.188
326.240
326.292
326.344
326.396
326.448
326.500
326.552
326.604
326.656
326.708
326.760
326.813
326.865
326.917
326.969
327.021
327.073
327.125
327.177
327.229
327.281
327.333
327.385
327.438
327.490
327.542
327.594
327.646
327.698
327.750
327.802
327.854
327.906
327.958
328.010
328.063
328.115
328.167
328.219
328.271
328.323
328.375
328.427
328.479
328.531
328.583
328.635
328.688
328.740
328.792
328.844
328.896
328.948
329.000
329.052
329.104
329.156
329.208
329.260
329.313
329.365
329.417
329.469
329.521
329.573
329.625
329.677
329.729
329.781
329.833
329.885
329.938
329.990
330.042
330.094
330.146
330.198
330.250
330.302
330.354
330.406
330.458
330.510
330.563
330.615
330.667
330.719
330.771
330.823
330.875
330.927
330.979
331.031
331.083
331.135
331.188
331.240
331.292
331.344
331.396
331.448
331.500
331.552
331.604
331.656
331.708
331.760
331.813
331.865
331.917
331.969
332.021
332.073
332.125
332.177
332.229
332.281
332.333
332.385
332.438
332.490
332.542
332.594
332.646
332.698
332.750
332.802
332.854
332.906
332.958
333.010
333.063
333.115
333.167
333.219
333.271
333.323
333.375
333.427
333.479
333.531
333.583
333.635
333.688
333.740
333.792
333.844
333.896
333.948
334.000
334.052
334.104
334.156
334.208
334.260
334.313
334.365
334.417
334.469
334.521
334.573
334.625
334.677
334.729
334.781
334.833
334.885
334.938
334.990
335.042
335.094
335.146
335.198
335.250
335.302
335.354
335.406
335.458
335.510
335.563
335.615
335.667
335.719
335.771
335.823
335.875
335.927
335.979
336.031
336.083
336.135
336.188
336.240
336.292
336.344
336.396
336.448
336.500
336.552
336.604
336.656
336.708
336.760
336.813
336.865
336.917
336.969
337.021
337.073
337.125
337.177
337.229
337.281
337.333
337.385
337.438
337.490
337.542
337.594
337.646
337.698
337.750
337.802
337.854
337.906
337.958
338.010
338.063
338.115
338.167
338.219
338.271
338.323
338.375
338.427
338.479
338.531
338.583
338.635
338.688
338.740
338.792
338.844
338.896
338.948
339.000
339.052
339.104
339.156
339.208
339.260
339.313
339.365
339.417
339.469
339.521
339.573
339.625
339.677
339.729
339.781
339.833
339.885
339.938
339.990
340.042
340.094
340.146
340.198
340.250
340.302
340.354
340.406
340.458
340.510
340.563
340.615
340.667
340.719
340.771
340.823
340.875
340.927
340.979
341.031
341.083
341.135
341.188
341.240
341.292
341.344
341.396
341.448
341.500
341.552
341.604
341.656
341.708
341.760
341.813
341.865
341.917
341.969
342.021
342.073
342.125
342.177
342.229
342.281
342.333
342.385
342.438
342.490
342.542
342.594
342.646
342.698
342.750
342.802
342.854
342.906
342.958
343.010
343.063
343.115
343.167
343.219
343.271
343.323
343.375
343.427
343.479
343.531
343.583
343.635
343.688
343.740
343.792
343.844
343.896
343.948
344.000
344.052
344.104
344.156
344.208
344.260
344.313
344.365
344.417
344.469
344.521
344.573
344.625
344.677
344.729
344.781
344.833
344.885
344.938
344.990
345.042
345.094
345.146
345.198
345.250
345.302
345.354
345.406
345.458
345.510
345.563
345.615
345.667
345.719
345.771
345.823
345.875
345.927
345.979
346.031
346.083
346.135
346.188
346.240
346.292
346.344
346.396
346.448
346.500
346.552
346.604
346.656
346.708
346.760
346.813
346.865
346.917
346.969
347.021
347.073
347.125
347.177
347.229
347.281
347.333
347.385
347.438
347.490
347.542
347.594
347.646
347.698
347.750
347.802
347.854
347.906
347.958
348.010
348.063
348.115
348.167
348.219
348.271
348.323
348.375
348.427
348.479
348.531
348.583
348.635
348.688
348.740
348.792
348.844
348.896
348.948
349.000
349.052
349.104
349.156
349.208
349.260
349.313
349.365
349.417
349.469
349.521
349.573
349.625
349.677
349.729
349.781
349.833
349.885
349.938
349.990
350.042
350.094
350.146
350.198
350.250
350.302
350.354
350.406
350.458
350.510
350.563
350.615
350.667
350.719
350.771
350.823
350.875
350.927
350.979
351.031
351.083
351.135
351.188
351.240
351.292
351.344
351.396
351.448
351.500
351.552
351.604
351.656
351.708
351.760
351.813
351.865
351.917
351.969
352.021
352.073
352.125
352.177
352.229
352.281
352.333
352.385
352.438
352.490
352.542
352.594
352.646
352.698
352.750
352.802
352.854
352.906
352.958
353.010
353.063
353.115
353.167
353.219
353.271
353.323
353.375
353.427
353.479
353.531
353.583
353.635
353.688
353.740
353.792
353.844
353.896
353.948
354.000
354.052
354.104
354.156
354.208
354.260
354.313
354.365
354.417
354.469
354.521
354.573
354.625
354.677
354.729
354.781
354.833
354.885
354.938
354.990
355.042
355.094
355.146
355.198
355.250
355.302
355.354
355.406
355.458
355.510
355.563
355.615
355.667
355.719
355.771
355.823
355.875
355.927
355.979
356.031
356.083
356.135
356.188
356.240
356.292
356.344
356.396
356.448
356.500
356.552
356.604
356.656
356.708
356.760
356.813
356.865
356.917
356.969
357.021
357.073
357.125
357.177
357.229
357.281
357.333
357.385
357.438
357.490
357.542
357.594
357.646
357.698
357.750
357.802
357.854
357.906
357.958
358.010
358.063
358.115
358.167
358.219
358.271
358.323
358.375
358.427
358.479
358.531
358.583
358.635
358.688
358.740
358.792
358.844
358.896
358.948
359.000
359.052
359.104
359.156
359.208
359.260
359.313
359.365
359.417
359.469
359.521
359.573
359.625
359.677
359.729
359.781
359.833
359.885
359.938
359.990
360.042
360.094
360.146
360.198
360.250
360.302
360.354
360.406
360.458
360.510
360.563
360.615
360.667
360.719
360.771
360.823
360.875
360.927
360.979
361.031
361.083
361.135
361.188
361.240
361.292
361.344
361.396
361.448
361.500
361.552
361.604
361.656
361.708
361.760
361.813
361.865
361.917
361.969
362.021
362.073
362.125
362.177
362.229
362.281
362.333
362.385
362.438
362.490
362.542
362.594
362.646
362.698
362.750
362.802
362.854
362.906
362.958
363.010
363.063
363.115
363.167
363.219
363.271
363.323
363.375
363.427
363.479
363.531
363.583
363.635
363.688
363.740
363.792
363.844
363.896
363.948
364.000
364.052
364.104
364.156
364.208
364.260
364.313
364.365
364.417
364.469
364.521
364.573
364.625
364.677
364.729
364.781
364.833
364.885
364.938
364.990
365.042
365.094
365.146
365.198
365.250
365.302
365.354
365.406
365.458
365.510
365.563
365.615
365.667
365.719
365.771
365.823
365.875
365.927
365.979
1.031
1.083
1.135
1.188
1.240
1.292
1.344
1.396
1.448
1.500
1.552
1.604
1.656
1.708
1.760
1.813
1.865
1.917
1.969
2.021
2.073
2.125
2.177
2.229
2.281
2.333
2.385
2.438
2.490
2.542
2.594
2.646
2.698
2.750
2.802
2.854
2.906
2.958
3.010
3.063
3.115
3.167
3.219
3.271
3.323
3.375
3.427
3.479
3.531
3.583
3.635
3.688
3.740
3.792
3.844
3.896
3.948
4.000
4.052
4.104
4.156
4.208
4.260
4.313
4.365
4.417
4.469
4.521
4.573
4.625
4.677
4.729
4.781
4.833
4.885
4.938
4.990
5.042
5.094
5.146
5.198
5.250
5.302
5.354
5.406
5.458
5.510
5.563
5.615
5.667
5.719
5.771
5.823
5.875
5.927
5.979
6.031
6.083
6.135
6.188
6.240
6.292
6.344
6.396
6.448
6.500
6.552
6.604
6.656
6.708
6.760
6.813
6.865
6.917
6.969
7.021
7.073
7.125
7.177
7.229
7.281
7.333
7.385
7.438
7.490
7.542
7.594
7.646
7.698
7.750
7.802
7.854
7.906
7.958
8.010
8.063
8.115
8.167
8.219
8.271
8.323
8.375
8.427
8.479
8.531
8.583
8.635
8.688
8.740
8.792
8.844
8.896
8.948
9.000
9.052
9.104
9.156
9.208
9.260
9.313
9.365
9.417
9.469
9.521
9.573
9.625
9.677
9.729
9.781
9.833
9.885
9.938
9.990
10.042
10.094
10.146
10.198
10.250
10.302
10.354
10.406
10.458
10.510
10.563
10.615
10.667
10.719
10.771
10.823
10.875
10.927
10.979
11.031
11.083
11.135
11.188
11.240
11.292
11.344
11.396
11.448
11.500
11.552
11.604
11.656
11.708
11.760
11.813
11.865
11.917
11.969
12.021
12.073
12.125
12.177
12.229
12.281
12.333
12.385
12.438
12.490
12.542
12.594
12.646
12.698
12.750
12.802
12.854
12.906
12.958
13.010
13.063
13.115
13.167
13.219
13.271
13.323
13.375
13.427
13.479
13.531
13.583
13.635
13.688
13.740
13.792
13.844
13.896
13.948
14.000
14.052
14.104
14.156
14.208
14.260
14.313
14.365
14.417
14.469
14.521
14.573
14.625
14.677
14.729
14.781
14.833
14.885
14.938
14.990
15.042
15.094
15.146
15.198
15.250
15.302
15.354
15.406
15.458
15.510
15.563
15.615
15.667
15.719
15.771
15.823
15.875
15.927
15.979
16.031
16.083
16.135
16.188
16.240
16.292
16.344
16.396
16.448
16.500
16.552
16.604
16.656
16.708
16.760
16.813
16.865
16.917
16.969
17.021
17.073
17.125
17.177
17.229
17.281
17.333
17.385
17.438
17.490
17.542
17.594
17.646
17.698
17.750
17.802
17.854
17.906
17.958
18.010
18.063
18.115
18.167
18.219
18.271
18.323
18.375
18.427
18.479
18.531
18.583
18.635
18.688
18.740
18.792
18.844
18.896
18.948
19.000
19.052
19.104
19.156
19.208
19.260
19.313
19.365
19.417
19.469
19.521
19.573
19.625
19.677
19.729
19.781
19.833
19.885
19.938
19.990
20.042
20.094
20.146
20.198
20.250
20.302
20.354
20.406
20.458
20.510
20.563
20.615
20.667
20.719
20.771
20.823
20.875
20.927
20.979
21.031
21.083
21.135
21.188
21.240
21.292
21.344
21.396
21.448
21.500
21.552
21.604
21.656
21.708
21.760
21.813
21.865
21.917
21.969
22.021
22.073
22.125
22.177
22.229
22.281
22.333
22.385
22.438
22.490
22.542
22.594
22.646
22.698
22.750
22.802
22.854
22.906
22.958
23.010
23.063
23.115
23.167
23.219
23.271
23.323
23.375
23.427
23.479
23.531
23.583
23.635
23.688
23.740
23.792
23.844
23.896
23.948
24.000
24.052
24.104
24.156
24.208
24.260
24.313
24.365
24.417
24.469
24.521
24.573
24.625
24.677
24.729
24.781
24.833
24.885
24.938
24.990
25.042
25.094
25.146
25.198
25.250
25.302
25.354
25.406
25.458
25.510
25.563
25.615
25.667
25.719
25.771
25.823
25.875
25.927
25.979
26.031
26.083
26.135
26.188
26.240
26.292
26.344
26.396
26.448
26.500
26.552
26.604
26.656
26.708
26.760
26.813
26.865
26.917
26.969
27.021
27.073
27.125
27.177
27.229
27.281
27.333
27.385
27.438
27.490
27.542
27.594
27.646
27.698
27.750
27.802
27.854
27.906
27.958
28.010
28.063
28.115
28.167
28.219
28.271
28.323
28.375
28.427
28.479
28.531
28.583
28.635
28.688
28.740
28.792
28.844
28.896
28.948
29.000
29.052
29.104
29.156
29.208
29.260
29.313
29.365
29.417
29.469
29.521
29.573
29.625
29.677
29.729
29.781
29.833
29.885
29.938
29.990
30.042
30.094
30.146
30.198
30.250
30.302
30.354
30.406
30.458
30.510
30.563
30.615
30.667
30.719
30.771
30.823
30.875
30.927
30.979
31.031
31.083
31.135
31.188
31.240
31.292
31.344
31.396
31.448
31.500
31.552
31.604
31.656
31.708
31.760
31.813
31.865
31.917
31.969
32.021
32.073
32.125
32.177
32.229
32.281
32.333
32.385
32.438
32.490
32.542
32.594
32.646
32.698
32.750
32.802
32.854
32.906
32.958
33.010
33.063
33.115
33.167
33.219
33.271
33.323
33.375
33.427
33.479
33.531
33.583
33.635
33.688
33.740
33.792
33.844
33.896
33.948
34.000
34.052
34.104
34.156
34.208
34.260
34.313
34.365
34.417
34.469
34.521
34.573
34.625
34.677
34.729
34.781
34.833
34.885
34.938
34.990
35.042
35.094
35.146
35.198
35.250
35.302
35.354
35.406
35.458
35.510
35.563
35.615
35.667
35.719
35.771
35.823
35.875
35.927
35.979
36.031
36.083
36.135
36.188
36.240
36.292
36.344
36.396
36.448
36.500
36.552
36.604
36.656
36.708
36.760
36.813
36.865
36.917
36.969
37.021
37.073
37.125
37.177
37.229
37.281
37.333
37.385
37.438
37.490
37.542
37.594
37.646
37.698
37.750
37.802
37.854
37.906
37.958
38.010
38.063
38.115
38.167
38.219
38.271
38.323
38.375
38.427
38.479
38.531
38.583
38.635
38.688
38.740
38.792
38.844
38.896
38.948
39.000
39.052
39.104
39.156
39.208
39.260
39.313
39.365
39.417
39.469
39.521
39.573
39.625
39.677
39.729
39.781
39.833
39.885
39.938
39.990
40.042
40.094
40.146
40.198
40.250
40.302
40.354
40.406
40.458
40.510
40.563
40.615
40.667
40.719
40.771
40.823
40.875
40.927
40.979
41.031
41.083
41.135
41.188
41.240
41.292
41.344
41.396
41.448
41.500
41.552
41.604
41.656
41.708
41.760
41.813
41.865
41.917
41.969
42.021
42.073
42.125
42.177
42.229
42.281
42.333
42.385
42.438
42.490
42.542
42.594
42.646
42.698
42.750
42.802
42.854
42.906
42.958
43.010
43.063
43.115
43.167
43.219
43.271
43.323
43.375
43.427
43.479
43.531
43.583
43.635
43.688
43.740
43.792
43.844
43.896
43.948
44.000
44.052
44.104
44.156
44.208
44.260
44.313
44.365
44.417
44.469
44.521
44.573
44.625
44.677
44.729
44.781
44.833
44.885
44.938
44.990
45.042
45.094
45.146
45.198
45.250
45.302
45.354
45.406
45.458
45.510
45.563
45.615
45.667
45.719
45.771
45.823
45.875
45.927
45.979
46.031
46.083
46.135
46.188
46.240
46.292
46.344
46.396
46.448
46.500
46.552
46.604
46.656
46.708
46.760
46.813
46.865
46.917
46.969
47.021
47.073
47.125
47.177
47.229
47.281
47.333
47.385
47.438
47.490
47.542
47.594
47.646
47.698
47.750
47.802
47.854
47.906
47.958
48.010
48.063
48.115
48.167
48.219
48.271
48.323
48.375
48.427
48.479
48.531
48.583
48.635
48.688
48.740
48.792
48.844
48.896
48.948
49.000
49.052
49.104
49.156
49.208
49.260
49.313
49.365
49.417
49.469
49.521
49.573
49.625
49.677
49.729
49.781
49.833
49.885
49.938
49.990
50.042
50.094
50.146
50.198
50.250
50.302
50.354
50.406
50.458
50.510
50.563
50.615
50.667
50.719
50.771
50.823
50.875
50.927
50.979
51.031
51.083
51.135
51.188
51.240
51.292
51.344
51.396
51.448
51.500
51.552
51.604
51.656
51.708
51.760
51.813
51.865
51.917
51.969
52.021
52.073
52.125
52.177
52.229
52.281
52.333
52.385
52.438
52.490
52.542
52.594
52.646
52.698
52.750
52.802
52.854
52.906
52.958
53.010
53.063
53.115
53.167
53.219
53.271
53.323
53.375
53.427
53.479
53.531
53.583
53.635
53.688
53.740
53.792
53.844
53.896
53.948
54.000
54.052
54.104
54.156
54.208
54.260
54.313
54.365
54.417
54.469
54.521
54.573
54.625
54.677
54.729
54.781
54.833
54.885
54.938
54.990
55.042
55.094
55.146
55.198
55.250
55.302
55.354
55.406
55.458
55.510
55.563
55.615
55.667
55.719
55.771
55.823
55.875
55.927
55.979
56.031
56.083
56.135
56.188
56.240
56.292
56.344
56.396
56.448
56.500
56.552
56.604
56.656
56.708
56.760
56.813
56.865
56.917
56.969
57.021
57.073
57.125
57.177
57.229
57.281
57.333
57.385
57.438
57.490
57.542
57.594
57.646
57.698
57.750
57.802
57.854
57.906
57.958
58.010
58.063
58.115
58.167
58.219
58.271
58.323
58.375
58.427
58.479
58.531
58.583
58.635
58.688
58.740
58.792
58.844
58.896
58.948
59.000
59.052
59.104
59.156
59.208
59.260
59.313
59.365
59.417
59.469
59.521
59.573
59.625
59.677
59.729
59.781
59.833
59.885
59.938
59.990
60.042
60.094
60.146
60.198
60.250
60.302
60.354
60.406
60.458
60.510
60.563
60.615
60.667
60.719
60.771
60.823
60.875
60.927
60.979
61.031
61.083
61.135
61.188
61.240
61.292
61.344
61.396
61.448
61.500
61.552
61.604
61.656
61.708
61.760
61.813
61.865
61.917
61.969
62.021
62.073
62.125
62.177
62.229
62.281
62.333
62.385
62.438
62.490
62.542
62.594
62.646
62.698
62.750
62.802
62.854
62.906
62.958
63.010
63.063
63.115
63.167
63.219
63.271
63.323
63.375
63.427
63.479
63.531
63.583
63.635
63.688
63.740
63.792
63.844
63.896
63.948
64.000
64.052
64.104
64.156
64.208
64.260
64.313
64.365
64.417
64.469
64.521
64.573
64.625
64.677
64.729
64.781
64.833
64.885
64.938
64.990
65.042
65.094
65.146
65.198
65.250
65.302
65.354
65.406
65.458
65.510
65.563
65.615
65.667
65.719
65.771
65.823
65.875
65.927
65.979
66.031
66.083
66.135
66.188
66.240
66.292
66.344
66.396
66.448
66.500
66.552
66.604
66.656
66.708
66.760
66.813
66.865
66.917
66.969
67.021
67.073
67.125
67.177
67.229
67.281
67.333
67.385
67.438
67.490
67.542
67.594
67.646
67.698
67.750
67.802
67.854
67.906
67.958
68.010
68.063
68.115
68.167
68.219
68.271
68.323
68.375
68.427
68.479
68.531
68.583
68.635
68.688
68.740
68.792
68.844
68.896
68.948
69.000
69.052
69.104
69.156
69.208
69.260
69.313
69.365
69.417
69.469
69.521
69.573
69.625
69.677
69.729
69.781
69.833
69.885
69.938
69.990
70.042
70.094
70.146
70.198
70.250
70.302
70.354
70.406
70.458
70.510
70.563
70.615
70.667
70.719
70.771
70.823
70.875
70.927
70.979
71.031
71.083
71.135
71.188
71.240
71.292
71.344
71.396
71.448
71.500
71.552
71.604
71.656
71.708
71.760
71.813
71.865
71.917
71.969
72.021
72.073
72.125
72.177
72.229
72.281
72.333
72.385
72.438
72.490
72.542
72.594
72.646
72.698
72.750
72.802
72.854
72.906
72.958
73.010
73.063
73.115
73.167
73.219
73.271
73.323
73.375
73.427
73.479
73.531
73.583
73.635
73.688
73.740
73.792
73.844
73.896
73.948
74.000
74.052
74.104
74.156
74.208
74.260
74.313
74.365
74.417
74.469
74.521
74.573
74.625
74.677
74.729
74.781
74.833
74.885
74.938
74.990
75.042
75.094
75.146
75.198
75.250
75.302
75.354
75.406
75.458
75.510
75.563
75.615
75.667
75.719
75.771
75.823
75.875
75.927
75.979
76.031
76.083
76.135
76.188
76.240
76.292
76.344
76.396
76.448
76.500
76.552
76.604
76.656
76.708
76.760
76.813
76.865
76.917
76.969
77.021
77.073
77.125
77.177
77.229
77.281
77.333
77.385
77.438
77.490
77.542
77.594
77.646
77.698
77.750
77.802
77.854
77.906
77.958
78.010
78.063
78.115
78.167
78.219
78.271
78.323
78.375
78.427
78.479
78.531
78.583
78.635
78.688
78.740
78.792
78.844
78.896
78.948
79.000
79.052
79.104
79.156
79.208
79.260
79.313
79.365
79.417
79.469
79.521
79.573
79.625
79.677
79.729
79.781
79.833
79.885
79.938
79.990
80.042
80.094
80.146
80.198
80.250
80.302
80.354
80.406
80.458
80.510
80.563
80.615
80.667
80.719
80.771
80.823
80.875
80.927
80.979
81.031
81.083
81.135
81.188
81.240
81.292
81.344
81.396
81.448
81.500
81.552
81.604
81.656
81.708
81.760
81.813
81.865
81.917
81.969
82.021
82.073
82.125
82.177
82.229
82.281
82.333
82.385
82.438
82.490
82.542
82.594
82.646
82.698
82.750
82.802
82.854
82.906
82.958
83.010
83.063
83.115
83.167
83.219
83.271
83.323
83.375
83.427
83.479
83.531
83.583
83.635
83.688
83.740
83.792
83.844
83.896
83.948
84.000
84.052
84.104
84.156
84.208
84.260
84.313
84.365
84.417
84.469
84.521
84.573
84.625
84.677
84.729
84.781
84.833
84.885
84.938
84.990
85.042
85.094
85.146
85.198
85.250
85.302
85.354
85.406
85.458
85.510
85.563
85.615
85.667
85.719
85.771
85.823
85.875
85.927
85.979
86.031
86.083
86.135
86.188
86.240
86.292
86.344
86.396
86.448
86.500
86.552
86.604
86.656
86.708
86.760
86.813
86.865
86.917
86.969
87.021
87.073
87.125
87.177
87.229
87.281
87.333
87.385
87.438
87.490
87.542
87.594
87.646
87.698
87.750
87.802
87.854
87.906
87.958
88.010
88.063
88.115
88.167
88.219
88.271
88.323
88.375
88.427
88.479
88.531
88.583
88.635
88.688
88.740
88.792
88.844
88.896
88.948
89.000
89.052
89.104
89.156
89.208
89.260
89.313
89.365
89.417
89.469
89.521
89.573
89.625
89.677
89.729
89.781
89.833
89.885
89.938
89.990
90.042
90.094
90.146
90.198
90.250
90.302
90.354
90.406
90.458
90.510
90.563
90.615
90.667
90.719
90.771
90.823
90.875
90.927
90.979
91.031
91.083
91.135
91.188
91.240
91.292
91.344
91.396
91.448
91.500
91.552
91.604
91.656
91.708
91.760
91.813
91.865
91.917
91.969
92.021
92.073
92.125
92.177
92.229
92.281
92.333
92.385
92.438
92.490
92.542
92.594
92.646
92.698
92.750
92.802
92.854
92.906
92.958
93.010
93.063
93.115
93.167
93.219
93.271
93.323
93.375
93.427
93.479
93.531
93.583
93.635
93.688
93.740
93.792
93.844
93.896
93.948
94.000
94.052
94.104
94.156
94.208
94.260
94.313
94.365
94.417
94.469
94.521
94.573
94.625
94.677
94.729
94.781
94.833
94.885
94.938
94.990
95.042
95.094
95.146
95.198
95.250
95.302
95.354
95.406
95.458
95.510
95.563
95.615
95.667
95.719
95.771
95.823
95.875
95.927
95.979
96.031
96.083
96.135
96.188
96.240
96.292
96.344
96.396
96.448
96.500
96.552
96.604
96.656
96.708
96.760
96.813
96.865
96.917
96.969
97.021
97.073
97.125
97.177
97.229
97.281
97.333
97.385
97.438
97.490
97.542
97.594
97.646
97.698
97.750
97.802
97.854
97.906
97.958
98.010
98.063
98.115
98.167
98.219
98.271
98.323
98.375
98.427
98.479
98.531
98.583
98.635
98.688
98.740
98.792
98.844
98.896
98.948
99.000
99.052
99.104
99.156
99.208
99.260
99.313
99.365
99.417
99.469
99.521
99.573
99.625
99.677
99.729
99.781
99.833
99.885
99.938
99.990
100.042
100.094
100.146
100.198
100.250
100.302
100.354
100.406
100.458
100.510
100.563
100.615
100.667
100.719
100.771
100.823
100.875
100.927
100.979
101.031
101.083
101.135
101.188
101.240
101.292
101.344
101.396
101.448
101.500
101.552
101.604
101.656
101.708
101.760
101.813
101.865
101.917
101.969
102.021
102.073
102.125
102.177
102.229
102.281
102.333
102.385
102.438
102.490
102.542
102.594
102.646
102.698
102.750
102.802
102.854
102.906
102.958
103.010
103.063
103.115
103.167
103.219
103.271
103.323
103.375
103.427
103.479
103.531
103.583
103.635
103.688
103.740
103.792
103.844
103.896
103.948
104.000
104.052
104.104
104.156
104.208
104.260
104.313
104.365
104.417
104.469
104.521
104.573
104.625
104.677
104.729
104.781
104.833
104.885
104.938
104.990
105.042
105.094
105.146
105.198
105.250
105.302
105.354
105.406
105.458
105.510
105.563
105.615
105.667
105.719
105.771
105.823
105.875
105.927
105.979
106.031
106.083
106.135
106.188
106.240
106.292
106.344
106.396
106.448
106.500
106.552
106.604
106.656
106.708
106.760
106.813
106.865
106.917
106.969
107.021
107.073
107.125
107.177
107.229
107.281
107.333
107.385
107.438
107.490
107.542
107.594
107.646
107.698
107.750
107.802
107.854
107.906
107.958
108.010
108.063
108.115
108.167
108.219
108.271
108.323
108.375
108.427
108.479
108.531
108.583
108.635
108.688
108.740
108.792
108.844
108.896
108.948
109.000
109.052
109.104
109.156
109.208
109.260
109.313
109.365
109.417
109.469
109.521
109.573
109.625
109.677
109.729
109.781
109.833
109.885
109.938
109.990
110.042
110.094
110.146
110.198
110.250
110.302
110.354
110.406
110.458
110.510
110.563
110.615
110.667
110.719
110.771
110.823
110.875
110.927
110.979
111.031
111.083
111.135
111.188
111.240
111.292
111.344
111.396
111.448
111.500
111.552
111.604
111.656
111.708
111.760
111.813
111.865
111.917
111.969
112.021
112.073
112.125
112.177
112.229
112.281
112.333
112.385
112.438
112.490
112.542
112.594
112.646
112.698
112.750
112.802
112.854
112.906
112.958
113.010
113.063
113.115
113.167
113.219
113.271
113.323
113.375
113.427
113.479
113.531
113.583
113.635
113.688
113.740
113.792
113.844
113.896
113.948
114.000
114.052
114.104
114.156
114.208
114.260
114.313
114.365
114.417
114.469
114.521
114.573
114.625
114.677
114.729
114.781
114.833
114.885
114.938
114.990
115.042
115.094
115.146
115.198
115.250
115.302
115.354
115.406
115.458
115.510
115.563
115.615
115.667
115.719
115.771
115.823
115.875
115.927
115.979
116.031
116.083
116.135
116.188
116.240
116.292
116.344
116.396
116.448
116.500
116.552
116.604
116.656
116.708
116.760
116.813
116.865
116.917
116.969
117.021
117.073
117.125
117.177
117.229
117.281
117.333
117.385
117.438
117.490
117.542
117.594
117.646
117.698
117.750
117.802
117.854
117.906
117.958
118.010
118.063
118.115
118.167
118.219
118.271
118.323
118.375
118.427
118.479
118.531
118.583
118.635
118.688
118.740
118.792
118.844
118.896
118.948
119.000
119.052
119.104
119.156
119.208
119.260
119.313
119.365
119.417
119.469
119.521
119.573
119.625
119.677
119.729
119.781
119.833
119.885
119.938
119.990
120.042
120.094
120.146
120.198
120.250
120.302
120.354
120.406
120.458
120.510
120.563
120.615
120.667
120.719
120.771
120.823
120.875
120.927
120.979
121.031
121.083
121.135
121.188
121.240
121.292
121.344
121.396
121.448
121.500
121.552
121.604
121.656
121.708
121.760
121.813
121.865
121.917
121.969
122.021
122.073
122.125
122.177
122.229
122.281
122.333
122.385
122.438
122.490
122.542
122.594
122.646
122.698
122.750
122.802
122.854
122.906
122.958
123.010
123.063
123.115
123.167
123.219
123.271
123.323
123.375
123.427
123.479
123.531
123.583
123.635
123.688
123.740
123.792
123.844
123.896
123.948
124.000
124.052
124.104
124.156
124.208
124.260
124.313
124.365
124.417
124.469
124.521
124.573
124.625
124.677
124.729
124.781
124.833
124.885
124.938
124.990
125.042
125.094
125.146
125.198
125.250
125.302
125.354
125.406
125.458
125.510
125.563
125.615
125.667
125.719
125.771
125.823
125.875
125.927
125.979
126.031
126.083
126.135
126.188
126.240
126.292
126.344
126.396
126.448
126.500
126.552
126.604
126.656
126.708
126.760
126.813
126.865
126.917
126.969
127.021
127.073
127.125
127.177
127.229
127.281
127.333
127.385
127.438
127.490
127.542
127.594
127.646
127.698
127.750
127.802
127.854
127.906
127.958
128.010
128.063
128.115
128.167
128.219
128.271
128.323
128.375
128.427
128.479
128.531
128.583
128.635
128.688
128.740
128.792
128.844
128.896
128.948
129.000
129.052
129.104
129.156
129.208
129.260
129.313
129.365
129.417
129.469
129.521
129.573
129.625
129.677
129.729
129.781
129.833
129.885
129.938
129.990
130.042
130.094
130.146
130.198
130.250
130.302
130.354
130.406
130.458
130.510
130.563
130.615
130.667
130.719
130.771
130.823
130.875
130.927
130.979
131.031
131.083
131.135
131.188
131.240
131.292
131.344
131.396
131.448
131.500
131.552
131.604
131.656
131.708
131.760
131.813
131.865
131.917
131.969
132.021
132.073
132.125
132.177
132.229
132.281
132.333
132.385
132.438
132.490
132.542
132.594
132.646
132.698
132.750
132.802
132.854
132.906
132.958
133.010
133.063
133.115
133.167
133.219
133.271
133.323
133.375
133.427
133.479
133.531
133.583
133.635
133.688
133.740
133.792
133.844
133.896
133.948
134.000
134.052
134.104
134.156
134.208
134.260
134.313
134.365
134.417
134.469
134.521
134.573
134.625
134.677
134.729
134.781
134.833
134.885
134.938
134.990
135.042
135.094
135.146
135.198
135.250
135.302
135.354
135.406
135.458
135.510
135.563
135.615
135.667
135.719
135.771
135.823
135.875
135.927
135.979
136.031
136.083
136.135
136.188
136.240
136.292
136.344
136.396
136.448
136.500
136.552
136.604
136.656
136.708
136.760
136.813
136.865
136.917
136.969
137.021
137.073
137.125
137.177
137.229
137.281
137.333
137.385
137.438
137.490
137.542
137.594
137.646
137.698
137.750
137.802
137.854
137.906
137.958
138.010
138.063
138.115
138.167
138.219
138.271
138.323
138.375
138.427
138.479
138.531
138.583
138.635
138.688
138.740
138.792
138.844
138.896
138.948
139.000
139.052
139.104
139.156
139.208
139.260
139.313
139.365
139.417
139.469
139.521
139.573
139.625
139.677
139.729
139.781
139.833
139.885
139.938
139.990
140.042
140.094
140.146
140.198
140.250
140.302
140.354
140.406
140.458
140.510
140.563
140.615
140.667
140.719
140.771
140.823
140.875
140.927
140.979
141.031
141.083
141.135
141.188
141.240
141.292
141.344
141.396
141.448
141.500
141.552
141.604
141.656
141.708
141.760
141.813
141.865
141.917
141.969
142.021
142.073
142.125
142.177
142.229
142.281
142.333
142.385
142.438
142.490
142.542
142.594
142.646
142.698
142.750
142.802
142.854
142.906
142.958
143.010
143.063
143.115
143.167
143.219
143.271
143.323
143.375
143.427
143.479
143.531
143.583
143.635
143.688
143.740
143.792
143.844
143.896
143.948
144.000
144.052
144.104
144.156
144.208
144.260
144.313
144.365
144.417
144.469
144.521
144.573
144.625
144.677
144.729
144.781
144.833
144.885
144.938
144.990
145.042
145.094
145.146
145.198
145.250
145.302
145.354
145.406
145.458
145.510
145.563
145.615
145.667
145.719
145.771
145.823
145.875
145.927
145.979
146.031
146.083
146.135
146.188
146.240
146.292
146.344
146.396
146.448
146.500
146.552
146.604
146.656
146.708
146.760
146.813
146.865
146.917
146.969
147.021
147.073
147.125
147.177
147.229
147.281
147.333
147.385
147.438
147.490
147.542
147.594
147.646
147.698
147.750
147.802
147.854
147.906
147.958
148.010
148.063
148.115
148.167
148.219
148.271
148.323
148.375
148.427
148.479
148.531
148.583
148.635
148.688
148.740
148.792
148.844
148.896
148.948
149.000
149.052
149.104
149.156
149.208
149.260
149.313
149.365
149.417
149.469
149.521
149.573
149.625
149.677
149.729
149.781
149.833
149.885
149.938
149.990
150.042
150.094
150.146
150.198
150.250
150.302
150.354
150.406
150.458
150.510
150.563
150.615
150.667
150.719
150.771
150.823
150.875
150.927
150.979
151.031
151.083
151.135
151.188
151.240
151.292
151.344
151.396
151.448
151.500
151.552
151.604
151.656
151.708
151.760
151.813
151.865
151.917
151.969
152.021
152.073
152.125
152.177
152.229
152.281
152.333
152.385
152.438
152.490
152.542
152.594
152.646
152.698
152.750
152.802
152.854
152.906
152.958
153.010
153.063
153.115
153.167
153.219
153.271
153.323
153.375
153.427
153.479
153.531
153.583
153.635
153.688
153.740

