MH_DOY MH_Time	MH_0.1_m	MH_0.3_m	MH_0.5_m	MH_1.0_m	MH_3.0_m	MH_5.0_m	MH_7_m	IH_Time	IH_DOY	IH_0.1_m	IH_0.3_m	IH_0.5_m	IH_1.0_m	IH_3.0_m	IH_5.0_m
2009-06-12 06:00	163.2	10.2	10.2	10.2	10.2	7.3	6.4	6.3	2009-06-12 06:00	163.2	12.4	12.4	12.4	12.4	9.3	7.8
2009-06-16 20:00	167.8	8.2	8.2	8.2	8.1	8.1	8.1	7.3	2009-06-16 20:00	167.8	10.1	10.1	10.2	10.1	10.1	9.5
2009-06-17 06:00	168.2	7.5	7.5	7.4	7.5	7.4	7.3	7.0	2009-06-17 06:00	168.2	9.3	9.3	9.3	9.3	9.3	9.3
2009-06-21 20:00	172.8	12.8	12.8	12.7	12.0	9.4	7.5	7.2	2009-06-21 20:00	172.8	13.6	13.6	13.6	13.6	12.5	10.3
2009-06-22 06:00	173.2	11.8	11.8	11.8	11.4	9.5	7.5	7.1	2009-06-22 06:00	173.2	13.0	13.0	13.0	13.0	12.6	10.3
2009-06-26 20:00	177.8	17.1	17.1	16.6	14.0	9.9	7.6	7.1	2009-06-26 20:00	177.8	17.2	17.2	17.2	17.2	14.9	10.4
2009-06-27 06:00	178.2	15.4	15.4	15.3	13.9	9.7	7.7	7.1	2009-06-27 06:00	178.2	16.5	16.6	16.5	16.5	14.8	10.4
2009-07-01 20:00	182.8	14.5	14.5	14.5	14.5	10.2	7.8	7.1	2009-07-01 20:00	182.8	15.9	15.9	15.9	15.9	15.9	10.7
2009-07-02 06:00	183.2	13.6	13.6	13.6	13.6	10.1	7.7	7.1	2009-07-02 06:00	183.2	15.1	15.1	15.2	15.2	15.1	10.7
2009-07-06 20:00	187.8	13.4	13.4	13.4	13.4	12.1	7.8	7.2	2009-07-06 20:00	187.8	13.9	13.9	13.9	13.9	13.9	12.2
2009-07-07 06:00	188.2	12.2	12.2	12.2	12.2	11.9	7.9	7.2	2009-07-07 06:00	188.2	13.0	13.0	13.0	13.0	13.0	12.2
2009-07-11 20:00	192.8	15.4	15.4	15.4	15.2	12.0	8.0	7.3	2009-07-11 20:00	192.8	15.9	15.6	15.6	15.5	15.3	13.1
2009-07-12 06:00	193.2	14.8	14.8	14.8	14.8	11.8	8.0	7.3	2009-07-12 06:00	193.2	15.2	15.2	15.2	15.2	15.1	13.2
2009-07-16 20:00	197.8	17.1	17.1	17.1	17.1	12.4	8.2	7.3	2009-07-16 20:00	197.8	17.2	17.3	17.3	17.3	17.1	13.9
2009-07-17 06:00	198.2	15.8	15.8	15.8	15.8	12.3	8.4	7.3	2009-07-17 06:00	198.2	16.4	16.4	16.5	16.5	16.4	13.9
2009-07-21 20:00	202.8	13.9	13.9	13.9	13.9	12.6	9.1	7.2	2009-07-21 20:00	202.8	13.9	14.0	14.0	14.0	13.9	12.8
2009-07-22 06:00	203.2	13.2	13.2	13.2	13.2	12.7	9.3	7.2	2009-07-22 06:00	203.2	13.5	13.5	13.5	13.5	13.4	12.9
2009-07-26 20:00	207.8	16.7	16.7	16.7	16.7	13.6	9.2	7.2	2009-07-26 20:00	207.8	16.3	16.3	16.2	16.1	15.6	13.0
2009-07-27 06:00	208.2	15.7	15.7	15.7	15.7	13.6	9.4	7.3	2009-07-27 06:00	208.2	15.5	15.5	15.5	15.5	15.5	13.1
2009-07-31 20:00	212.8	17.3	17.3	17.3	17.3	14.6	10.0	7.6	2009-07-31 20:00	212.8	17.1	17.1	17.1	17.0	16.7	14.5
2009-08-01 06:00	213.2	16.6	16.6	16.6	16.6	14.5	9.6	7.6	2009-08-01 06:00	213.2	16.5	16.5	16.5	16.5	16.4	14.5
2009-08-05 20:00	217.8	19.5	19.5	19.3	18.6	14.6	9.7	7.6	2009-08-05 20:00	217.8	19.2	19.2	19.2	19.1	17.5	14.8
2009-08-06 06:00	218.2	18.1	18.1	18.1	18.1	14.6	9.7	7.7	2009-08-06 06:00	218.2	18.3	18.3	18.3	18.3	17.4	14.8
2009-08-10 20:00	222.8	17.9	17.9	17.9	17.9	14.6	10.0	7.7	2009-08-10 20:00	222.8	18.1	18.1	18.2	18.1	18.0	14.9
2009-08-11 06:00	223.2	17.3	17.3	17.3	17.3	14.7	10.1	7.7	2009-08-11 06:00	223.2	17.6	17.6	17.7	17.7	17.7	14.9
2009-08-15 20:00	227.8	14.6	14.7	14.7	14.7	13.6	10.3	7.8	2009-08-15 20:00	227.8	14.8	14.9	14.9	14.9	14.5	14.0
2009-08-16 06:00	228.2	13.9	14.0	14.0	14.0	13.4	10.2	7.7	2009-08-16 06:00	228.2	14.4	14.4	14.5	14.5	14.4	14.0
2009-08-20 20:00	232.8	10.3	10.3	10.2	10.3	10.2	10.0	7.6	2009-08-20 20:00	232.8	10.5	10.4	10.5	10.5	10.4	11.5
2009-08-21 06:00	233.2	10.1	10.1	10.1	10.1	10.1	10.1	7.7	2009-08-21 06:00	233.2	10.3	10.3	10.4	10.3	10.3	11.3
2009-08-25 20:00	237.8	12.9	12.9	12.9	12.9	11.4	10.1	9.3	2009-08-25 20:00	237.8	12.8	12.8	12.8	12.7	12.5	11.7
2009-08-26 06:00	238.2	11.7	11.8	11.8	11.8	11.4	10.2	9.3	2009-08-26 06:00	238.2	12.1	12.1	12.1	12.1	12.0	11.7
2009-09-02 20:00	245.8	11.8	11.8	11.8	11.8	11.7	11.5	11.1	2009-09-02 20:00	245.8	12.1	12.1	12.1	12.1	12.1	11.9
2009-09-03 06:00	246.2	11.4	11.4	11.4	11.4	11.4	11.3	11.1	2009-09-03 06:00	246.2	11.7	11.6	11.6	11.7	11.7	11.8
2009-09-07 20:00	250.8	10.9	10.9	10.9	10.7	10.1	10.0	9.9	2009-09-07 20:00	250.8	11.1	11.1	11.1	11.1	10.9	10.9
2009-09-08 06:00	251.2	10.1	10.1	10.1	10.1	10.0	9.9	9.9	2009-09-08 06:00	251.2	10.5	10.5	10.6	10.6	10.5	10.8
2009-09-12 20:00	255.8	9.5	9.5	9.5	9.5	9.0	8.8	8.8	2009-09-12 20:00	255.8	9.6	9.6	9.6	9.6	9.4	9.4
2009-09-13 06:00	256.2	9.1	9.1	9.1	9.1	8.9	8.8	8.7	2009-09-13 06:00	256.2	9.3	9.3	9.3	9.3	9.3	9.2
2009-09-17 20:00	260.8	7.1	7.1	7.1	7.1	7.1	7.1	7.1	2009-09-17 20:00	260.8	7.0	7.0	7.0	7.0	7.0	7.1
2009-09-18 06:00	261.2	6.5	6.5	6.5	6.5	6.5	6.5	6.5	2009-09-18 06:00	261.2	6.2	6.3	6.3	6.3	6.3	6.3
2009-09-22 20:00	265.8	6.9	6.9	6.9	6.9	6.8	6.8	6.7	2009-09-22 20:00	265.8	7.0	7.0	7.0	7.0	7.0	7.0
2009-09-23 06:00	266.2	6.8	6.8	6.8	6.8	6.8	6.8	6.7	2009-09-23 06:00	266.2	6.9	6.9	6.9	6.9	6.9	6.9
2009-09-27 20:00	270.8	5.3	5.3	5.3	5.3	5.3	5.2	5.2	2009-09-27 20:00	270.8	5.4	5.4	5.4	5.4	5.4	5.5
2009-09-28 06:00	271.2	4.9	4.9	4.9	4.9	4.9	4.9	4.9	2009-09-28 06:00	271.2	4.9	5.0	5.0	5.0	5.0	5.0
2009-10-02 20:00	275.8	2.5	2.5	2.4	2.5	2.5	2.5	2.6	2009-10-02 20:00	275.8	2.4	2.4	2.5	2.5	2.4	2.5
2009-10-03 06:00	276.2	1.9	1.9	1.9	2.1	2.5	2.5	2.7	2009-10-03 06:00	276.2	1.7	1.9	2.0	2.1	2.4	2.8
2009-10-07 20:00	280.8	0.7	2.4	2.8	2.9	3.1	3.3	3.6	2009-10-07 20:00	280.8	0.8	2.7	3.1	3.2	3.4	4.1
2009-10-08 06:00	281.2	0.5	2.1	2.7	2.9	3.1	3.3	3.7	2009-10-08 06:00	281.2	0.6	2.6	3.2	3.2	3.5	4.1
