Strdln_Twater_090611-090828_corrd_sm.csv2:2009-06-15_00:40	166.0	10.0	10.0	10.0	10.0				2009-06-15_00:40	166.0	11.5	11.5	11.5	11.5
Strdln_Twater_090611-090828_corrd_sm.csv2:2009-06-15_01:30	166.0	9.9	9.9	9.9	9.9				2009-06-15_01:30	166.0	11.4	11.4	11.5	11.4
Strdln_Twater_090611-090828_corrd_sm.csv2:2009-06-15_02:20	166.0	9.7	9.7	9.8	9.8				2009-06-15_02:20	166.0	11.4	11.4	11.4	11.4
Strdln_Twater_090611-090828_corrd_sm.csv2:2009-06-15_03:10	166.1	9.7	9.7	9.7	9.7				2009-06-15_03:10	166.1	11.3	11.3	11.3	11.3
Strdln_Twater_090611-090828_corrd_sm.csv2:2009-06-15_04:00	166.1	9.6	9.6	9.6	9.6	9.1	6.4	6.1	2009-06-15_04:00	166.1	11.1	11.1	11.2	11.2	11.2	10.1
Strdln_Twater_090611-090828_corrd_sm.csv2:2009-06-15_04:50	166.2	9.5	9.5	9.5	9.5				2009-06-15_04:50	166.2	11.2	11.1	11.2	11.2
Strdln_Twater_090611-090828_corrd_sm.csv2:2009-06-15_05:40	166.2	9.4	9.5	9.4	9.4				2009-06-15_05:40	166.2	11.1	11.1	11.1	11.1
Strdln_Twater_090611-090828_corrd_sm.csv2:2009-06-15_06:30	166.2	9.4	9.4	9.4	9.4				2009-06-15_06:30	166.2	11.0	11.1	11.1	11.1
Strdln_Twater_090611-090828_corrd_sm.csv2:2009-06-15_07:20	166.3	9.3	9.4	9.3	9.3				2009-06-15_07:20	166.3	10.9	10.9	10.9	10.9
Strdln_Twater_090611-090828_corrd_sm.csv2:2009-06-15_08:10	166.3	9.3	9.3	9.3	9.3				2009-06-15_08:10	166.3	10.9	10.9	10.9	10.9
Strdln_Twater_090611-090828_corrd_sm.csv2:2009-06-15_09:00	166.3	9.3	9.3	9.2	9.2	8.5	6.4	6.1	2009-06-15_09:00	166.3	10.9	10.9	10.9	10.9	10.9	10.0
Strdln_Twater_090611-090828_corrd_sm.csv2:2009-06-15_09:50	166.4	9.2	9.2	9.1	9.1				2009-06-15_09:50	166.4	10.9	10.9	10.9	10.9
Strdln_Twater_090611-090828_corrd_sm.csv2:2009-06-15_10:40	166.4	9.1	9.1	9.0	8.9				2009-06-15_10:40	166.4	10.9	10.9	10.9	10.9
Strdln_Twater_090611-090828_corrd_sm.csv2:2009-06-15_11:30	166.4	9.2	9.2	9.1	9.1				2009-06-15_11:30	166.4	10.9	10.9	10.9	10.9
Strdln_Twater_090611-090828_corrd_sm.csv2:2009-06-15_12:20	166.5	9.2	9.2	9.2	9.2				2009-06-15_12:20	166.5	10.9	10.8	10.8	10.8
Strdln_Twater_090611-090828_corrd_sm.csv2:2009-06-15_13:10	166.5	9.2	9.2	9.2	9.1				2009-06-15_13:10	166.5	10.9	10.9	10.9	10.9
Strdln_Twater_090611-090828_corrd_sm.csv2:2009-06-15_14:00	166.5	9.1	9.1	9.0	9.0	8.2	6.4	6.1	2009-06-15_14:00	166.5	10.9	10.9	10.9	10.9	10.8	9.9
Strdln_Twater_090611-090828_corrd_sm.csv2:2009-06-15_14:50	166.6	9.0	9.0	9.0	8.9				2009-06-15_14:50	166.6	10.9	10.9	10.9	10.9
Strdln_Twater_090611-090828_corrd_sm.csv2:2009-06-15_15:40	166.6	9.0	9.0	9.0	8.9				2009-06-15_15:40	166.6	10.9	10.9	10.9	10.9
Strdln_Twater_090611-090828_corrd_sm.csv2:2009-06-15_16:30	166.6	8.9	8.9	8.9	8.9				2009-06-15_16:30	166.6	10.9	10.9	10.9	10.9
Strdln_Twater_090611-090828_corrd_sm.csv2:2009-06-15_17:20	166.7	8.8	8.8	8.8	8.8				2009-06-15_17:20	166.7	10.9	10.9	10.9	10.9
Strdln_Twater_090611-090828_corrd_sm.csv2:2009-06-15_18:10	166.7	8.8	8.8	8.8	8.8				2009-06-15_18:10	166.7	10.9	10.9	10.9	10.9
Strdln_Twater_090611-090828_corrd_sm.csv2:2009-06-15_19:00	166.7	8.7	8.7	8.7	8.7	8.3	6.6	6.1	2009-06-15_19:00	166.7	10.8	10.8	10.8	10.9	10.8	9.8
Strdln_Twater_090611-090828_corrd_sm.csv2:2009-06-15_19:50	166.8	8.7	8.7	8.7	8.7				2009-06-15_19:50	166.8	10.8	10.8	10.8	10.8
Strdln_Twater_090611-090828_corrd_sm.csv2:2009-06-15_20:40	166.8	8.8	8.8	8.8	8.8				2009-06-15_20:40	166.8	10.8	10.8	10.8	10.8
Strdln_Twater_090611-090828_corrd_sm.csv2:2009-06-15_21:30	166.8	8.7	8.7	8.7	8.7				2009-06-15_21:30	166.8	10.7	10.7	10.7	10.7
Strdln_Twater_090611-090828_corrd_sm.csv2:2009-06-15_22:20	166.9	8.6	8.7	8.6	8.7				2009-06-15_22:20	166.9	10.6	10.6	10.6	10.7
Strdln_Twater_090611-090828_corrd_sm.csv2:2009-06-15_23:10	166.9	8.5	8.5	8.5	8.6				2009-06-15_23:10	166.9	10.6	10.6	10.6	10.6
Strdln_Twater_090611-090828_corrd_sm.csv2:2009-07-01_00:00	182.0	16.0	16.0	16.0	15.4	10.2	8.0	7.2	2009-07-01_00:00	182.0	17.4	17.4	17.4	17.4	15.9	10.6
Strdln_Twater_090611-090828_corrd_sm.csv2:2009-07-01_00:50	182.0	15.8	15.8	15.8	15.6				2009-07-01_00:50	182.0	17.3	17.3	17.3	17.3
Strdln_Twater_090611-090828_corrd_sm.csv2:2009-07-01_01:40	182.0	15.6	15.7	15.7	15.4				2009-07-01_01:40	182.0	17.2	17.2	17.2	17.2
Strdln_Twater_090611-090828_corrd_sm.csv2:2009-07-01_02:30	182.1	15.5	15.5	15.5	15.5				2009-07-01_02:30	182.1	17.1	17.1	17.1	17.1
Strdln_Twater_090611-090828_corrd_sm.csv2:2009-07-01_03:20	182.1	15.4	15.4	15.3	15.4				2009-07-01_03:20	182.1	17.0	17.0	17.0	17.0
Strdln_Twater_090611-090828_corrd_sm.csv2:2009-07-01_04:10	182.1	15.2	15.3	15.2	15.3				2009-07-01_04:10	182.1	16.9	16.9	16.9	16.9
Strdln_Twater_090611-090828_corrd_sm.csv2:2009-07-01_05:00	182.2	15.2	15.2	15.2	15.2	10.3	7.8	7.1	2009-07-01_05:00	182.2	16.8	16.8	16.8	16.8	15.8	10.7
Strdln_Twater_090611-090828_corrd_sm.csv2:2009-07-01_05:50	182.2	15.1	15.1	15.1	15.1				2009-07-01_05:50	182.2	16.7	16.7	16.7	16.7
Strdln_Twater_090611-090828_corrd_sm.csv2:2009-07-01_06:40	182.2	15.1	15.1	15.0	15.0				2009-07-01_06:40	182.2	16.7	16.6	16.7	16.7
Strdln_Twater_090611-090828_corrd_sm.csv2:2009-07-01_07:30	182.3	15.1	15.1	15.0	15.0				2009-07-01_07:30	182.3	16.7	16.6	16.6	16.6
Strdln_Twater_090611-090828_corrd_sm.csv2:2009-07-01_08:20	182.3	15.2	15.1	15.1	15.1				2009-07-01_08:20	182.3	16.7	16.6	16.6	16.6
Strdln_Twater_090611-090828_corrd_sm.csv2:2009-07-01_09:10	182.3	15.1	15.1	15.1	15.1				2009-07-01_09:10	182.3	16.5	16.5	16.5	16.5
Strdln_Twater_090611-090828_corrd_sm.csv2:2009-07-01_10:00	182.4	15.1	15.1	15.1	15.1	10.1	7.7	7.1	2009-07-01_10:00	182.4	16.5	16.5	16.5	16.5	16.4	10.7
Strdln_Twater_090611-090828_corrd_sm.csv2:2009-07-01_10:50	182.4	15.0	15.0	15.0	15.0				2009-07-01_10:50	182.4	16.4	16.4	16.4	16.4
Strdln_Twater_090611-090828_corrd_sm.csv2:2009-07-01_11:40	182.4	15.0	15.0	15.0	15.0				2009-07-01_11:40	182.4	16.3	16.3	16.3	16.3
Strdln_Twater_090611-090828_corrd_sm.csv2:2009-07-01_12:30	182.5	14.9	14.9	14.9	14.9				2009-07-01_12:30	182.5	16.3	16.2	16.3	16.3
Strdln_Twater_090611-090828_corrd_sm.csv2:2009-07-01_13:20	182.5	14.8	14.8	14.8	14.8				2009-07-01_13:20	182.5	16.2	16.2	16.2	16.2
Strdln_Twater_090611-090828_corrd_sm.csv2:2009-07-01_14:10	182.5	14.8	14.8	14.8	14.8				2009-07-01_14:10	182.5	16.2	16.2	16.2	16.2
Strdln_Twater_090611-090828_corrd_sm.csv2:2009-07-01_15:00	182.6	14.8	14.8	14.7	14.8	10.2	7.7	7.1	2009-07-01_15:00	182.6	16.1	16.1	16.2	16.2	16.1	10.7
Strdln_Twater_090611-090828_corrd_sm.csv2:2009-07-01_15:50	182.6	14.7	14.7	14.7	14.7				2009-07-01_15:50	182.6	16.1	16.1	16.1	16.2
Strdln_Twater_090611-090828_corrd_sm.csv2:2009-07-01_16:40	182.6	14.7	14.7	14.7	14.7				2009-07-01_16:40	182.6	16.1	16.1	16.1	16.1
Strdln_Twater_090611-090828_corrd_sm.csv2:2009-07-01_17:30	182.7	14.6	14.6	14.6	14.6				2009-07-01_17:30	182.7	16.0	16.1	16.1	16.1
Strdln_Twater_090611-090828_corrd_sm.csv2:2009-07-01_18:20	182.7	14.6	14.6	14.6	14.6				2009-07-01_18:20	182.7	16.0	16.0	16.0	16.0
Strdln_Twater_090611-090828_corrd_sm.csv2:2009-07-01_19:10	182.7	14.5	14.5	14.5	14.5				2009-07-01_19:10	182.7	15.9	15.9	16.0	15.9
Strdln_Twater_090611-090828_corrd_sm.csv2:2009-07-01_20:00	182.8	14.5	14.5	14.5	14.5	10.2	7.8	7.1	2009-07-01_20:00	182.8	15.9	15.9	15.9	15.9	15.9	10.7
Strdln_Twater_090611-090828_corrd_sm.csv2:2009-07-01_20:50	182.8	14.4	14.4	14.4	14.4				2009-07-01_20:50	182.8	15.9	15.9	15.9	15.9
Strdln_Twater_090611-090828_corrd_sm.csv2:2009-07-01_21:40	182.9	14.3	14.4	14.3	14.3				2009-07-01_21:40	182.9	15.7	15.7	15.8	15.8
Strdln_Twater_090611-090828_corrd_sm.csv2:2009-07-01_22:30	182.9	14.3	14.3	14.2	14.3				2009-07-01_22:30	182.9	15.7	15.7	15.7	15.7
Strdln_Twater_090611-090828_corrd_sm.csv2:2009-07-01_23:20	182.9	14.2	14.2	14.1	14.2				2009-07-01_23:20	182.9	15.6	15.6	15.6	15.6
Strdln_Twater_090611-090828_corrd_sm.csv2:2009-07-15_00:40	196.0	17.3	17.3	17.3	16.4				2009-07-15_00:40	196.0	17.3	17.3	17.4	17.3
Strdln_Twater_090611-090828_corrd_sm.csv2:2009-07-15_01:30	196.0	17.1	17.2	17.2	16.4				2009-07-15_01:30	196.0	17.2	17.2	17.3	17.2
Strdln_Twater_090611-090828_corrd_sm.csv2:2009-07-15_02:20	196.0	16.9	17.0	17.0	16.4				2009-07-15_02:20	196.0	17.1	17.1	17.1	17.1
Strdln_Twater_090611-090828_corrd_sm.csv2:2009-07-15_03:10	196.1	16.8	16.8	16.8	16.3				2009-07-15_03:10	196.1	17.0	17.0	17.0	17.0
Strdln_Twater_090611-090828_corrd_sm.csv2:2009-07-15_04:00	196.1	16.7	16.7	16.7	16.2	12.3	8.1	7.4	2009-07-15_04:00	196.1	17.0	17.0	17.0	16.9	15.9	14.0
Strdln_Twater_090611-090828_corrd_sm.csv2:2009-07-15_04:50	196.2	16.6	16.6	16.6	16.2				2009-07-15_04:50	196.2	16.9	16.9	16.9	16.8
Strdln_Twater_090611-090828_corrd_sm.csv2:2009-07-15_05:40	196.2	16.6	16.5	16.5	16.4				2009-07-15_05:40	196.2	16.9	16.8	16.9	16.8
Strdln_Twater_090611-090828_corrd_sm.csv2:2009-07-15_06:30	196.2	16.7	16.6	16.6	16.3				2009-07-15_06:30	196.2	16.9	16.9	16.9	16.9
Strdln_Twater_090611-090828_corrd_sm.csv2:2009-07-15_07:20	196.3	16.8	16.7	16.7	16.2				2009-07-15_07:20	196.3	17.0	17.0	17.0	16.9
Strdln_Twater_090611-090828_corrd_sm.csv2:2009-07-15_08:10	196.3	16.9	16.9	16.8	16.2				2009-07-15_08:10	196.3	17.1	17.1	17.0	17.0
Strdln_Twater_090611-090828_corrd_sm.csv2:2009-07-15_09:00	196.3	17.1	17.0	17.0	16.3	12.2	8.2	7.4	2009-07-15_09:00	196.3	17.2	17.2	17.2	17.2	15.9	14.0
Strdln_Twater_090611-090828_corrd_sm.csv2:2009-07-15_09:50	196.4	17.2	17.2	17.1	16.5				2009-07-15_09:50	196.4	17.3	17.3	17.3	17.2
Strdln_Twater_090611-090828_corrd_sm.csv2:2009-07-15_10:40	196.4	17.5	17.4	17.4	16.7				2009-07-15_10:40	196.4	17.6	17.4	17.4	17.4
Strdln_Twater_090611-090828_corrd_sm.csv2:2009-07-15_11:30	196.4	17.8	17.7	17.7	17.5				2009-07-15_11:30	196.4	17.7	17.5	17.5	17.5
Strdln_Twater_090611-090828_corrd_sm.csv2:2009-07-15_12:20	196.5	17.9	17.8	17.8	16.9				2009-07-15_12:20	196.5	17.9	17.8	17.7	17.7
Strdln_Twater_090611-090828_corrd_sm.csv2:2009-07-15_13:10	196.5	18.1	18.0	18.0	17.0				2009-07-15_13:10	196.5	17.9	17.8	17.8	17.8
Strdln_Twater_090611-090828_corrd_sm.csv2:2009-07-15_14:00	196.5	18.3	18.2	18.2	17.3	12.3	8.0	7.4	2009-07-15_14:00	196.5	18.0	18.0	18.0	17.9	16.0	14.0
Strdln_Twater_090611-090828_corrd_sm.csv2:2009-07-15_14:50	196.6	18.4	18.4	18.3	17.3				2009-07-15_14:50	196.6	18.3	18.2	18.2	18.2
Strdln_Twater_090611-090828_corrd_sm.csv2:2009-07-15_15:40	196.6	18.6	18.5	18.4	17.4				2009-07-15_15:40	196.6	18.4	18.3	18.3	18.2
Strdln_Twater_090611-090828_corrd_sm.csv2:2009-07-15_16:30	196.6	18.8	18.7	18.7	17.4				2009-07-15_16:30	196.6	18.4	18.3	18.4	18.3
Strdln_Twater_090611-090828_corrd_sm.csv2:2009-07-15_17:20	196.7	18.9	18.8	18.8	17.8				2009-07-15_17:20	196.7	18.5	18.4	18.5	18.4
Strdln_Twater_090611-090828_corrd_sm.csv2:2009-07-15_18:10	196.7	18.9	18.8	18.8	17.5				2009-07-15_18:10	196.7	18.5	18.5	18.5	18.5
Strdln_Twater_090611-090828_corrd_sm.csv2:2009-07-15_19:00	196.7	18.8	18.7	18.7	17.9	12.3	8.1	7.4	2009-07-15_19:00	196.7	18.5	18.5	18.5	18.5	16.1	14.0
Strdln_Twater_090611-090828_corrd_sm.csv2:2009-07-15_19:50	196.8	18.6	18.6	18.6	18.1				2009-07-15_19:50	196.8	18.5	18.5	18.5	18.5
Strdln_Twater_090611-090828_corrd_sm.csv2:2009-07-15_20:40	196.8	18.6	18.6	18.6	18.0				2009-07-15_20:40	196.8	18.4	18.4	18.4	18.4
Strdln_Twater_090611-090828_corrd_sm.csv2:2009-07-15_21:30	196.8	18.4	18.5	18.4	18.0				2009-07-15_21:30	196.8	18.4	18.4	18.4	18.4
Strdln_Twater_090611-090828_corrd_sm.csv2:2009-07-15_22:20	196.9	18.3	18.3	18.3	17.9				2009-07-15_22:20	196.9	18.3	18.3	18.3	18.3
Strdln_Twater_090611-090828_corrd_sm.csv2:2009-07-15_23:10	196.9	18.2	18.2	18.2	18.0				2009-07-15_23:10	196.9	18.2	18.2	18.2	18.2
Strdln_Twater_090611-090828_corrd_sm.csv2:2009-08-01_00:10	213.0	17.0	17.0	17.0	17.0				2009-08-01_00:10	213.0	16.8	16.8	16.8	16.8
Strdln_Twater_090611-090828_corrd_sm.csv2:2009-08-01_01:00	213.0	16.9	17.0	16.9	16.9	14.5	9.5	7.6	2009-08-01_01:00	213.0	16.8	16.8	16.8	16.8	16.6	14.5
Strdln_Twater_090611-090828_corrd_sm.csv2:2009-08-01_01:50	213.0	16.9	16.9	16.9	16.9				2009-08-01_01:50	213.0	16.7	16.7	16.7	16.7
Strdln_Twater_090611-090828_corrd_sm.csv2:2009-08-01_02:40	213.1	16.8	16.8	16.8	16.9				2009-08-01_02:40	213.1	16.6	16.6	16.6	16.6
Strdln_Twater_090611-090828_corrd_sm.csv2:2009-08-01_03:30	213.1	16.8	16.8	16.8	16.8				2009-08-01_03:30	213.1	16.6	16.6	16.6	16.6
Strdln_Twater_090611-090828_corrd_sm.csv2:2009-08-01_04:20	213.1	16.7	16.7	16.7	16.7				2009-08-01_04:20	213.1	16.5	16.5	16.5	16.5
Strdln_Twater_090611-090828_corrd_sm.csv2:2009-08-01_05:10	213.2	16.7	16.7	16.7	16.7				2009-08-01_05:10	213.2	16.5	16.5	16.5	16.5
Strdln_Twater_090611-090828_corrd_sm.csv2:2009-08-01_06:00	213.2	16.6	16.6	16.6	16.6	14.5	9.6	7.6	2009-08-01_06:00	213.2	16.5	16.5	16.5	16.5	16.4	14.5
Strdln_Twater_090611-090828_corrd_sm.csv2:2009-08-01_06:50	213.2	16.6	16.6	16.6	16.6				2009-08-01_06:50	213.2	16.4	16.4	16.4	16.4
Strdln_Twater_090611-090828_corrd_sm.csv2:2009-08-01_07:40	213.3	16.5	16.5	16.5	16.5				2009-08-01_07:40	213.3	16.4	16.4	16.4	16.4
Strdln_Twater_090611-090828_corrd_sm.csv2:2009-08-01_08:30	213.3	16.5	16.5	16.5	16.5				2009-08-01_08:30	213.3	16.4	16.4	16.4	16.4
Strdln_Twater_090611-090828_corrd_sm.csv2:2009-08-01_09:20	213.3	16.5	16.5	16.5	16.5				2009-08-01_09:20	213.3	16.4	16.4	16.4	16.4
Strdln_Twater_090611-090828_corrd_sm.csv2:2009-08-01_10:10	213.4	16.6	16.5	16.6	16.5				2009-08-01_10:10	213.4	16.4	16.4	16.4	16.4
Strdln_Twater_090611-090828_corrd_sm.csv2:2009-08-01_11:00	213.4	16.7	16.7	16.7	16.6	14.3	9.7	7.6	2009-08-01_11:00	213.4	16.5	16.5	16.5	16.5	16.4	14.6
Strdln_Twater_090611-090828_corrd_sm.csv2:2009-08-01_11:50	213.4	16.9	16.8	16.8	16.8				2009-08-01_11:50	213.4	16.6	16.6	16.6	16.6
Strdln_Twater_090611-090828_corrd_sm.csv2:2009-08-01_12:40	213.5	17.2	17.1	17.1	17.0				2009-08-01_12:40	213.5	16.9	16.9	16.9	16.9
Strdln_Twater_090611-090828_corrd_sm.csv2:2009-08-01_13:30	213.5	17.4	17.4	17.4	17.3				2009-08-01_13:30	213.5	17.0	17.0	17.0	17.0
Strdln_Twater_090611-090828_corrd_sm.csv2:2009-08-01_14:20	213.5	17.6	17.6	17.5	17.4				2009-08-01_14:20	213.5	17.4	17.3	17.3	17.2
Strdln_Twater_090611-090828_corrd_sm.csv2:2009-08-01_15:10	213.6	17.9	17.9	17.8	17.6				2009-08-01_15:10	213.6	17.4	17.3	17.3	17.3
Strdln_Twater_090611-090828_corrd_sm.csv2:2009-08-01_16:00	213.6	18.0	18.0	18.0	17.3	14.4	9.8	7.5	2009-08-01_16:00	213.6	17.4	17.4	17.4	17.4	16.7	14.7
Strdln_Twater_090611-090828_corrd_sm.csv2:2009-08-01_16:50	213.7	18.1	18.1	18.1	18.1				2009-08-01_16:50	213.7	17.7	17.6	17.6	17.6
Strdln_Twater_090611-090828_corrd_sm.csv2:2009-08-01_17:40	213.7	18.0	18.0	18.0	17.9				2009-08-01_17:40	213.7	17.4	17.4	17.4	17.4
Strdln_Twater_090611-090828_corrd_sm.csv2:2009-08-01_18:30	213.7	18.0	18.0	18.0	17.7				2009-08-01_18:30	213.7	17.5	17.5	17.5	17.5
Strdln_Twater_090611-090828_corrd_sm.csv2:2009-08-01_19:20	213.8	18.1	18.1	18.1	17.6				2009-08-01_19:20	213.8	17.7	17.6	17.4	17.4
Strdln_Twater_090611-090828_corrd_sm.csv2:2009-08-01_20:10	213.8	18.0	18.0	18.0	17.4				2009-08-01_20:10	213.8	17.5	17.4	17.4	17.4
Strdln_Twater_090611-090828_corrd_sm.csv2:2009-08-01_21:00	213.8	17.9	17.9	17.9	17.4	14.6	9.8	7.7	2009-08-01_21:00	213.8	17.4	17.4	17.4	17.4	16.6	14.7
Strdln_Twater_090611-090828_corrd_sm.csv2:2009-08-01_21:50	213.9	17.7	17.7	17.7	17.6				2009-08-01_21:50	213.9	17.3	17.3	17.3	17.3
Strdln_Twater_090611-090828_corrd_sm.csv2:2009-08-01_22:40	213.9	17.6	17.6	17.6	17.6				2009-08-01_22:40	213.9	17.2	17.2	17.3	17.3
Strdln_Twater_090611-090828_corrd_sm.csv2:2009-08-01_23:30	213.9	17.5	17.5	17.5	17.5				2009-08-01_23:30	213.9	17.2	17.2	17.2	17.2
Strdln_Twater_090611-090828_corrd_sm.csv2:2009-08-15_00:00	227.0	14.8	14.8	14.7	14.6	13.8	10.2	7.8	2009-08-15_00:00	227.0	15.0	15.0	15.0	15.0	14.4	14.2
Strdln_Twater_090611-090828_corrd_sm.csv2:2009-08-15_00:50	227.0	14.6	14.7	14.7	14.6				2009-08-15_00:50	227.0	14.9	14.9	15.0	15.0
Strdln_Twater_090611-090828_corrd_sm.csv2:2009-08-15_01:40	227.0	14.5	14.5	14.5	14.5				2009-08-15_01:40	227.0	14.8	14.9	14.9	14.9
Strdln_Twater_090611-090828_corrd_sm.csv2:2009-08-15_02:30	227.1	14.4	14.4	14.4	14.4				2009-08-15_02:30	227.1	14.8	14.8	14.8	14.8
Strdln_Twater_090611-090828_corrd_sm.csv2:2009-08-15_03:20	227.1	14.3	14.4	14.4	14.3				2009-08-15_03:20	227.1	14.6	14.7	14.7	14.7
Strdln_Twater_090611-090828_corrd_sm.csv2:2009-08-15_04:10	227.1	14.3	14.3	14.3	14.3				2009-08-15_04:10	227.1	14.6	14.6	14.7	14.6
Strdln_Twater_090611-090828_corrd_sm.csv2:2009-08-15_05:00	227.2	14.2	14.2	14.2	14.2	13.7	10.2	7.8	2009-08-15_05:00	227.2	14.5	14.5	14.6	14.6	14.4	14.1
Strdln_Twater_090611-090828_corrd_sm.csv2:2009-08-15_05:50	227.2	14.1	14.2	14.1	14.2				2009-08-15_05:50	227.2	14.5	14.5	14.6	14.6
Strdln_Twater_090611-090828_corrd_sm.csv2:2009-08-15_06:40	227.2	14.1	14.1	14.1	14.1				2009-08-15_06:40	227.2	14.5	14.5	14.5	14.5
Strdln_Twater_090611-090828_corrd_sm.csv2:2009-08-15_07:30	227.3	14.1	14.1	14.1	14.1				2009-08-15_07:30	227.3	14.5	14.5	14.5	14.5
Strdln_Twater_090611-090828_corrd_sm.csv2:2009-08-15_08:20	227.3	14.1	14.2	14.1	14.1				2009-08-15_08:20	227.3	14.5	14.5	14.5	14.5
Strdln_Twater_090611-090828_corrd_sm.csv2:2009-08-15_09:10	227.3	14.2	14.2	14.2	14.1				2009-08-15_09:10	227.3	14.6	14.5	14.6	14.5
Strdln_Twater_090611-090828_corrd_sm.csv2:2009-08-15_10:00	227.4	14.4	14.3	14.3	14.2	13.6	10.2	7.8	2009-08-15_10:00	227.4	14.7	14.7	14.6	14.6	14.4	14.1
Strdln_Twater_090611-090828_corrd_sm.csv2:2009-08-15_10:50	227.4	14.7	14.5	14.5	14.3				2009-08-15_10:50	227.4	14.9	14.8	14.8	14.7
Strdln_Twater_090611-090828_corrd_sm.csv2:2009-08-15_11:40	227.4	14.8	14.7	14.7	14.4				2009-08-15_11:40	227.4	14.9	14.8	14.8	14.7
Strdln_Twater_090611-090828_corrd_sm.csv2:2009-08-15_12:30	227.5	15.0	15.0	14.9	14.4				2009-08-15_12:30	227.5	15.0	14.9	14.9	14.9
Strdln_Twater_090611-090828_corrd_sm.csv2:2009-08-15_13:20	227.5	15.1	15.0	14.8	14.3				2009-08-15_13:20	227.5	15.0	14.9	14.9	14.9
Strdln_Twater_090611-090828_corrd_sm.csv2:2009-08-15_14:10	227.5	15.0	15.0	14.9	14.4				2009-08-15_14:10	227.5	15.0	15.0	15.0	15.0
Strdln_Twater_090611-090828_corrd_sm.csv2:2009-08-15_15:00	227.6	15.0	15.0	14.9	14.5	13.6	9.9	7.8	2009-08-15_15:00	227.6	15.0	15.0	15.0	15.0	14.5	14.0
Strdln_Twater_090611-090828_corrd_sm.csv2:2009-08-15_15:50	227.6	14.9	15.0	14.9	14.5				2009-08-15_15:50	227.6	15.0	15.1	15.0	15.0
Strdln_Twater_090611-090828_corrd_sm.csv2:2009-08-15_16:40	227.6	15.0	15.0	14.9	14.8				2009-08-15_16:40	227.6	15.0	15.0	15.0	15.0
Strdln_Twater_090611-090828_corrd_sm.csv2:2009-08-15_17:30	227.7	14.9	14.9	14.9	14.7				2009-08-15_17:30	227.7	15.0	15.0	15.0	15.0
Strdln_Twater_090611-090828_corrd_sm.csv2:2009-08-15_18:20	227.7	14.9	14.9	14.8	14.7				2009-08-15_18:20	227.7	15.0	15.0	15.0	15.0
Strdln_Twater_090611-090828_corrd_sm.csv2:2009-08-15_19:10	227.7	14.8	14.8	14.7	14.7				2009-08-15_19:10	227.7	15.0	15.0	15.0	15.0
Strdln_Twater_090611-090828_corrd_sm.csv2:2009-08-15_20:00	227.8	14.6	14.7	14.7	14.7	13.6	10.3	7.8	2009-08-15_20:00	227.8	14.8	14.9	14.9	14.9	14.5	14.0
Strdln_Twater_090611-090828_corrd_sm.csv2:2009-08-15_20:50	227.8	14.6	14.6	14.6	14.6				2009-08-15_20:50	227.8	14.8	14.8	14.8	14.8
Strdln_Twater_090611-090828_corrd_sm.csv2:2009-08-15_21:40	227.9	14.5	14.5	14.6	14.5				2009-08-15_21:40	227.9	14.8	14.8	14.8	14.8
Strdln_Twater_090611-090828_corrd_sm.csv2:2009-08-15_22:30	227.9	14.5	14.5	14.5	14.5				2009-08-15_22:30	227.9	14.7	14.7	14.8	14.8
Strdln_Twater_090611-090828_corrd_sm.csv2:2009-08-15_23:20	227.9	14.4	14.4	14.4	14.4				2009-08-15_23:20	227.9	14.7	14.7	14.7	14.7
Strdln_Twater_090829-091012_corrd_sm.csv:2009-09-01_00:40	244.0	11.8	11.8	11.8	11.9				2009-09-01_00:40	244.0	12.1	12.1	12.1	12.1
Strdln_Twater_090829-091012_corrd_sm.csv:2009-09-01_01:30	244.0	11.8	11.8	11.8	11.8				2009-09-01_01:30	244.0	12.1	12.1	12.1	12.1
Strdln_Twater_090829-091012_corrd_sm.csv:2009-09-01_02:20	244.0	11.8	11.8	11.8	11.8				2009-09-01_02:20	244.0	12.1	12.1	12.1	12.1
Strdln_Twater_090829-091012_corrd_sm.csv:2009-09-01_03:10	244.1	11.8	11.8	11.8	11.8				2009-09-01_03:10	244.1	12.1	12.1	12.1	12.1
Strdln_Twater_090829-091012_corrd_sm.csv:2009-09-01_04:00	244.1	11.8	11.8	11.8	11.8	11.7	11.6	11.2	2009-09-01_04:00	244.1	12.1	12.0	12.1	12.1	12.0	12.0
Strdln_Twater_090829-091012_corrd_sm.csv:2009-09-01_04:50	244.2	11.8	11.8	11.7	11.8				2009-09-01_04:50	244.2	12.0	12.0	12.0	12.0
Strdln_Twater_090829-091012_corrd_sm.csv:2009-09-01_05:40	244.2	11.7	11.8	11.7	11.7				2009-09-01_05:40	244.2	12.0	12.0	12.0	12.0
Strdln_Twater_090829-091012_corrd_sm.csv:2009-09-01_06:30	244.2	11.7	11.8	11.7	11.7				2009-09-01_06:30	244.2	12.0	12.0	12.0	12.0
Strdln_Twater_090829-091012_corrd_sm.csv:2009-09-01_07:20	244.3	11.7	11.8	11.7	11.7				2009-09-01_07:20	244.3	12.0	12.0	12.0	12.0
Strdln_Twater_090829-091012_corrd_sm.csv:2009-09-01_08:10	244.3	11.8	11.8	11.7	11.7				2009-09-01_08:10	244.3	12.0	12.0	12.0	12.0
Strdln_Twater_090829-091012_corrd_sm.csv:2009-09-01_09:00	244.3	11.8	11.8	11.8	11.7	11.7	11.6	11.0	2009-09-01_09:00	244.3	12.0	12.0	12.0	12.0	11.9	11.9
Strdln_Twater_090829-091012_corrd_sm.csv:2009-09-01_09:50	244.4	11.9	11.9	11.8	11.8				2009-09-01_09:50	244.4	12.1	12.0	12.1	12.0
Strdln_Twater_090829-091012_corrd_sm.csv:2009-09-01_10:40	244.4	11.9	11.9	11.9	11.8				2009-09-01_10:40	244.4	12.1	12.1	12.1	12.0
Strdln_Twater_090829-091012_corrd_sm.csv:2009-09-01_11:30	244.4	12.0	12.0	12.0	11.8				2009-09-01_11:30	244.4	12.2	12.1	12.1	12.1
Strdln_Twater_090829-091012_corrd_sm.csv:2009-09-01_12:20	244.5	12.1	12.1	12.1	11.8				2009-09-01_12:20	244.5	12.2	12.2	12.2	12.2
Strdln_Twater_090829-091012_corrd_sm.csv:2009-09-01_13:10	244.5	12.1	12.1	12.1	12.1				2009-09-01_13:10	244.5	12.3	12.3	12.3	12.2
Strdln_Twater_090829-091012_corrd_sm.csv:2009-09-01_14:00	244.5	12.4	12.3	12.2	11.8	11.7	11.6	10.9	2009-09-01_14:00	244.5	12.4	12.4	12.3	12.3	12.0	11.9
Strdln_Twater_090829-091012_corrd_sm.csv:2009-09-01_14:50	244.6	12.4	12.2	12.1	11.9				2009-09-01_14:50	244.6	12.5	12.5	12.5	12.3
Strdln_Twater_090829-091012_corrd_sm.csv:2009-09-01_15:40	244.6	12.4	12.4	12.3	12.0				2009-09-01_15:40	244.6	12.5	12.5	12.4	12.4
Strdln_Twater_090829-091012_corrd_sm.csv:2009-09-01_16:30	244.6	12.7	12.5	12.4	11.9				2009-09-01_16:30	244.6	12.7	12.6	12.5	12.5
Strdln_Twater_090829-091012_corrd_sm.csv:2009-09-01_17:20	244.7	12.6	12.6	12.5	12.0				2009-09-01_17:20	244.7	12.7	12.6	12.6	12.3
Strdln_Twater_090829-091012_corrd_sm.csv:2009-09-01_18:10	244.7	12.6	12.6	12.4	11.9				2009-09-01_18:10	244.7	12.6	12.6	12.5	12.3
Strdln_Twater_090829-091012_corrd_sm.csv:2009-09-01_19:00	244.7	12.5	12.5	12.4	12.0	11.7	11.6	11.1	2009-09-01_19:00	244.7	12.6	12.6	12.5	12.3	12.0	11.9
Strdln_Twater_090829-091012_corrd_sm.csv:2009-09-01_19:50	244.8	12.4	12.5	12.5	12.0				2009-09-01_19:50	244.8	12.5	12.6	12.6	12.3
Strdln_Twater_090829-091012_corrd_sm.csv:2009-09-01_20:40	244.8	12.4	12.4	12.4	11.9				2009-09-01_20:40	244.8	12.5	12.4	12.5	12.5
Strdln_Twater_090829-091012_corrd_sm.csv:2009-09-01_21:30	244.8	12.3	12.3	12.3	12.0				2009-09-01_21:30	244.8	12.5	12.4	12.5	12.4
Strdln_Twater_090829-091012_corrd_sm.csv:2009-09-01_22:20	244.9	12.3	12.3	12.2	12.0				2009-09-01_22:20	244.9	12.4	12.4	12.4	12.4
Strdln_Twater_090829-091012_corrd_sm.csv:2009-09-01_23:10	244.9	12.3	12.3	12.2	12.0				2009-09-01_23:10	244.9	12.4	12.4	12.4	12.4
Strdln_Twater_090829-091012_corrd_sm.csv:2009-09-15_00:30	258.0	8.7	8.7	8.6	8.7				2009-09-15_00:30	258.0	8.8	8.8	8.9	8.8
Strdln_Twater_090829-091012_corrd_sm.csv:2009-09-15_01:20	258.0	8.6	8.6	8.6	8.6				2009-09-15_01:20	258.0	8.8	8.8	8.8	8.8
Strdln_Twater_090829-091012_corrd_sm.csv:2009-09-15_02:10	258.0	8.6	8.6	8.6	8.6				2009-09-15_02:10	258.0	8.7	8.7	8.8	8.8
Strdln_Twater_090829-091012_corrd_sm.csv:2009-09-15_03:00	258.1	8.6	8.6	8.5	8.6	8.5	8.6	8.4	2009-09-15_03:00	258.1	8.7	8.7	8.7	8.7	8.7	8.8
Strdln_Twater_090829-091012_corrd_sm.csv:2009-09-15_03:50	258.1	8.5	8.5	8.5	8.6				2009-09-15_03:50	258.1	8.7	8.7	8.7	8.7
Strdln_Twater_090829-091012_corrd_sm.csv:2009-09-15_04:40	258.1	8.5	8.5	8.5	8.5				2009-09-15_04:40	258.1	8.7	8.7	8.7	8.7
Strdln_Twater_090829-091012_corrd_sm.csv:2009-09-15_05:30	258.2	8.5	8.5	8.5	8.5				2009-09-15_05:30	258.2	8.6	8.6	8.7	8.6
Strdln_Twater_090829-091012_corrd_sm.csv:2009-09-15_06:20	258.2	8.5	8.5	8.4	8.5				2009-09-15_06:20	258.2	8.6	8.6	8.6	8.6
Strdln_Twater_090829-091012_corrd_sm.csv:2009-09-15_07:10	258.2	8.4	8.4	8.4	8.5				2009-09-15_07:10	258.2	8.6	8.6	8.6	8.6
Strdln_Twater_090829-091012_corrd_sm.csv:2009-09-15_08:00	258.3	8.4	8.4	8.4	8.4	8.4	8.4	8.3	2009-09-15_08:00	258.3	8.6	8.6	8.6	8.6	8.6	8.6
Strdln_Twater_090829-091012_corrd_sm.csv:2009-09-15_08:50	258.3	8.4	8.4	8.4	8.4				2009-09-15_08:50	258.3	8.6	8.5	8.6	8.6
Strdln_Twater_090829-091012_corrd_sm.csv:2009-09-15_09:40	258.4	8.4	8.4	8.4	8.4				2009-09-15_09:40	258.4	8.5	8.5	8.6	8.5
Strdln_Twater_090829-091012_corrd_sm.csv:2009-09-15_10:30	258.4	8.4	8.4	8.4	8.4				2009-09-15_10:30	258.4	8.5	8.5	8.6	8.6
Strdln_Twater_090829-091012_corrd_sm.csv:2009-09-15_11:20	258.4	8.5	8.4	8.4	8.4				2009-09-15_11:20	258.4	8.6	8.6	8.6	8.6
Strdln_Twater_090829-091012_corrd_sm.csv:2009-09-15_12:10	258.5	8.5	8.5	8.4	8.4				2009-09-15_12:10	258.5	8.6	8.6	8.6	8.6
Strdln_Twater_090829-091012_corrd_sm.csv:2009-09-15_13:00	258.5	8.5	8.5	8.5	8.5	8.4	8.4	8.3	2009-09-15_13:00	258.5	8.6	8.6	8.6	8.6	8.5	8.6
Strdln_Twater_090829-091012_corrd_sm.csv:2009-09-15_13:50	258.5	8.5	8.5	8.5	8.5				2009-09-15_13:50	258.5	8.6	8.6	8.6	8.6
Strdln_Twater_090829-091012_corrd_sm.csv:2009-09-15_14:40	258.6	8.5	8.5	8.5	8.5				2009-09-15_14:40	258.6	8.6	8.6	8.7	8.6
Strdln_Twater_090829-091012_corrd_sm.csv:2009-09-15_15:30	258.6	8.7	8.7	8.6	8.5				2009-09-15_15:30	258.6	8.7	8.7	8.7	8.7
Strdln_Twater_090829-091012_corrd_sm.csv:2009-09-15_16:20	258.6	8.6	8.6	8.6	8.6				2009-09-15_16:20	258.6	8.7	8.7	8.7	8.7
Strdln_Twater_090829-091012_corrd_sm.csv:2009-09-15_17:10	258.7	8.6	8.6	8.6	8.6				2009-09-15_17:10	258.7	8.7	8.6	8.7	8.7
Strdln_Twater_090829-091012_corrd_sm.csv:2009-09-15_18:00	258.7	8.6	8.6	8.6	8.6	8.5	8.4	8.3	2009-09-15_18:00	258.7	8.7	8.7	8.7	8.7	8.6	8.6
Strdln_Twater_090829-091012_corrd_sm.csv:2009-09-15_18:50	258.7	8.6	8.6	8.6	8.6				2009-09-15_18:50	258.7	8.7	8.7	8.7	8.7
Strdln_Twater_090829-091012_corrd_sm.csv:2009-09-15_19:40	258.8	8.5	8.5	8.5	8.6				2009-09-15_19:40	258.8	8.7	8.7	8.7	8.7
Strdln_Twater_090829-091012_corrd_sm.csv:2009-09-15_20:30	258.8	8.5	8.5	8.5	8.5				2009-09-15_20:30	258.8	8.6	8.6	8.7	8.7
Strdln_Twater_090829-091012_corrd_sm.csv:2009-09-15_21:20	258.8	8.5	8.5	8.5	8.5				2009-09-15_21:20	258.8	8.6	8.6	8.7	8.7
Strdln_Twater_090829-091012_corrd_sm.csv:2009-09-15_22:10	258.9	8.5	8.5	8.5	8.5				2009-09-15_22:10	258.9	8.6	8.6	8.7	8.7
Strdln_Twater_090829-091012_corrd_sm.csv:2009-09-15_23:00	258.9	8.5	8.5	8.5	8.5	8.4	8.4	8.3	2009-09-15_23:00	258.9	8.6	8.6	8.7	8.6	8.6	8.6
Strdln_Twater_090829-091012_corrd_sm.csv:2009-09-15_23:50	258.9	8.5	8.5	8.4	8.5				2009-09-15_23:50	258.9	8.6	8.6	8.7	8.6
Strdln_Twater_090829-091012_corrd_sm.csv:2009-10-01_00:40	274.0	3.0	3.0	3.0	3.0				2009-10-01_00:40	274.0	3.0	3.0	3.1	3.1
Strdln_Twater_090829-091012_corrd_sm.csv:2009-10-01_01:30	274.0	3.0	3.0	3.0	3.0				2009-10-01_01:30	274.0	3.0	3.0	3.0	3.0
Strdln_Twater_090829-091012_corrd_sm.csv:2009-10-01_02:20	274.0	2.9	2.9	2.9	2.9				2009-10-01_02:20	274.0	2.9	2.9	3.0	3.0
Strdln_Twater_090829-091012_corrd_sm.csv:2009-10-01_03:10	274.1	2.8	2.9	2.8	2.9				2009-10-01_03:10	274.1	2.9	2.9	2.9	3.0
Strdln_Twater_090829-091012_corrd_sm.csv:2009-10-01_04:00	274.1	2.8	2.8	2.8	2.8	2.9	2.9	3.0	2009-10-01_04:00	274.1	2.8	2.8	2.9	2.9	2.9	2.9
Strdln_Twater_090829-091012_corrd_sm.csv:2009-10-01_04:50	274.2	2.8	2.8	2.8	2.8				2009-10-01_04:50	274.2	2.8	2.8	2.8	2.9
Strdln_Twater_090829-091012_corrd_sm.csv:2009-10-01_05:40	274.2	2.8	2.8	2.8	2.8				2009-10-01_05:40	274.2	2.8	2.8	2.8	2.8
Strdln_Twater_090829-091012_corrd_sm.csv:2009-10-01_06:30	274.2	2.7	2.7	2.7	2.8				2009-10-01_06:30	274.2	2.7	2.7	2.8	2.8
Strdln_Twater_090829-091012_corrd_sm.csv:2009-10-01_07:20	274.3	2.7	2.7	2.7	2.7				2009-10-01_07:20	274.3	2.7	2.7	2.8	2.7
Strdln_Twater_090829-091012_corrd_sm.csv:2009-10-01_08:10	274.3	2.6	2.7	2.7	2.7				2009-10-01_08:10	274.3	2.7	2.7	2.7	2.7
Strdln_Twater_090829-091012_corrd_sm.csv:2009-10-01_09:00	274.3	2.8	2.8	2.8	2.8	2.9	2.9	3.0	2009-10-01_09:00	274.3	2.7	2.7	2.7	2.7	2.8	2.9
Strdln_Twater_090829-091012_corrd_sm.csv:2009-10-01_09:50	274.4	2.8	2.8	2.7	2.7				2009-10-01_09:50	274.4	2.7	2.7	2.7	2.7
Strdln_Twater_090829-091012_corrd_sm.csv:2009-10-01_10:40	274.4	2.8	2.8	2.7	2.7				2009-10-01_10:40	274.4	2.7	2.7	2.7	2.7
Strdln_Twater_090829-091012_corrd_sm.csv:2009-10-01_11:30	274.4	2.7	2.7	2.7	2.7				2009-10-01_11:30	274.4	2.7	2.7	2.7	2.7
Strdln_Twater_090829-091012_corrd_sm.csv:2009-10-01_12:20	274.5	2.8	2.8	2.7	2.7				2009-10-01_12:20	274.5	2.7	2.7	2.7	2.7
Strdln_Twater_090829-091012_corrd_sm.csv:2009-10-01_13:10	274.5	2.7	2.7	2.7	2.7				2009-10-01_13:10	274.5	2.7	2.7	2.7	2.7
Strdln_Twater_090829-091012_corrd_sm.csv:2009-10-01_14:00	274.5	2.7	2.7	2.7	2.7	2.8	2.8	2.9	2009-10-01_14:00	274.5	2.7	2.7	2.7	2.7	2.7	2.7
Strdln_Twater_090829-091012_corrd_sm.csv:2009-10-01_14:50	274.6	2.7	2.7	2.7	2.7				2009-10-01_14:50	274.6	2.7	2.7	2.7	2.7
Strdln_Twater_090829-091012_corrd_sm.csv:2009-10-01_15:40	274.6	2.7	2.7	2.7	2.7				2009-10-01_15:40	274.6	2.7	2.7	2.7	2.7
Strdln_Twater_090829-091012_corrd_sm.csv:2009-10-01_16:30	274.6	2.7	2.7	2.7	2.7				2009-10-01_16:30	274.6	2.7	2.7	2.7	2.7
Strdln_Twater_090829-091012_corrd_sm.csv:2009-10-01_17:20	274.7	2.7	2.7	2.7	2.7				2009-10-01_17:20	274.7	2.7	2.7	2.7	2.7
Strdln_Twater_090829-091012_corrd_sm.csv:2009-10-01_18:10	274.7	2.7	2.7	2.7	2.7				2009-10-01_18:10	274.7	2.7	2.7	2.7	2.7
Strdln_Twater_090829-091012_corrd_sm.csv:2009-10-01_19:00	274.7	2.7	2.7	2.6	2.7	2.7	2.7	2.7	2009-10-01_19:00	274.7	2.6	2.6	2.7	2.7	2.7	2.7
Strdln_Twater_090829-091012_corrd_sm.csv:2009-10-01_19:50	274.8	2.5	2.6	2.6	2.7				2009-10-01_19:50	274.8	2.6	2.6	2.7	2.6
Strdln_Twater_090829-091012_corrd_sm.csv:2009-10-01_20:40	274.8	2.6	2.7	2.6	2.7				2009-10-01_20:40	274.8	2.6	2.6	2.6	2.6
Strdln_Twater_090829-091012_corrd_sm.csv:2009-10-01_21:30	274.8	2.7	2.7	2.7	2.7				2009-10-01_21:30	274.8	2.6	2.6	2.6	2.6
Strdln_Twater_090829-091012_corrd_sm.csv:2009-10-01_22:20	274.9	2.6	2.7	2.6	2.6				2009-10-01_22:20	274.9	2.6	2.6	2.6	2.6
Strdln_Twater_090829-091012_corrd_sm.csv:2009-10-01_23:10	274.9	2.6	2.6	2.6	2.6				2009-10-01_23:10	274.9	2.5	2.5	2.6	2.6
Strdln_Twater_091015-100602_corrd_sm.csv:2009-10-15_17:45	288.7			1.7	3.5	3.6	3.8	4.2	2009-10-15_17:45	288.7			3.9	4.0	4.1	4.7
Strdln_Twater_091015-100602_corrd_sm.csv:2009-10-15_19:00	288.7			1.8	3.5	3.6	3.8	4.2	2009-10-15_19:00	288.7			4.0	4.0	4.1	4.7
Strdln_Twater_091015-100602_corrd_sm.csv:2009-10-15_20:15	288.8			1.8	3.5	3.6	3.8	4.2	2009-10-15_20:15	288.8			4.0	4.0	4.1	4.7
Strdln_Twater_091015-100602_corrd_sm.csv:2009-10-15_21:30	288.8			1.8	3.5	3.6	3.8	4.2	2009-10-15_21:30	288.8			4.0	4.0	4.1	4.7
Strdln_Twater_091015-100602_corrd_sm.csv:2009-10-15_22:45	288.9			1.8	3.5	3.6	3.8	4.2	2009-10-15_22:45	288.9			4.0	4.0	4.1	4.7
Strdln_Twater_091015-100602_corrd_sm.csv:2009-11-01_01:00	305.0			1.0	2.5	3.9	4.1	4.5	2009-11-01_01:00	305.0			3.8	4.1	4.5	5.2
Strdln_Twater_091015-100602_corrd_sm.csv:2009-11-01_02:15	305.0			1.0	2.5	3.9	4.1	4.5	2009-11-01_02:15	305.0			3.8	4.1	4.6	5.2
Strdln_Twater_091015-100602_corrd_sm.csv:2009-11-01_03:30	305.1			1.0	2.5	3.9	4.1	4.5	2009-11-01_03:30	305.1			3.7	4.0	4.6	5.2
Strdln_Twater_091015-100602_corrd_sm.csv:2009-11-01_04:45	305.1			1.0	2.5	3.9	4.1	4.5	2009-11-01_04:45	305.1			3.8	4.0	4.6	5.2
Strdln_Twater_091015-100602_corrd_sm.csv:2009-11-01_06:00	305.2			1.0	2.5	3.9	4.1	4.5	2009-11-01_06:00	305.2			3.8	4.1	4.6	5.2
Strdln_Twater_091015-100602_corrd_sm.csv:2009-11-01_07:15	305.3			1.0	2.5	3.9	4.1	4.5	2009-11-01_07:15	305.3			3.8	4.1	4.6	5.2
Strdln_Twater_091015-100602_corrd_sm.csv:2009-11-01_08:30	305.3			1.0	2.6	3.9	4.1	4.5	2009-11-01_08:30	305.3			3.8	4.1	4.6	5.2
Strdln_Twater_091015-100602_corrd_sm.csv:2009-11-01_09:45	305.4			1.0	2.5	3.9	4.1	4.5	2009-11-01_09:45	305.4			3.8	4.1	4.6	5.2
Strdln_Twater_091015-100602_corrd_sm.csv:2009-11-01_11:00	305.4			1.0	2.6	3.9	4.1	4.5	2009-11-01_11:00	305.4			3.8	4.1	4.5	5.2
Strdln_Twater_091015-100602_corrd_sm.csv:2009-11-01_12:15	305.5			1.0	2.5	3.9	4.1	4.5	2009-11-01_12:15	305.5			3.8	4.1	4.5	5.2
Strdln_Twater_091015-100602_corrd_sm.csv:2009-11-01_13:30	305.5			1.0	2.5	3.9	4.1	4.5	2009-11-01_13:30	305.5			3.8	4.1	4.5	5.2
Strdln_Twater_091015-100602_corrd_sm.csv:2009-11-01_14:45	305.6			1.0	2.6	3.9	4.1	4.5	2009-11-01_14:45	305.6			3.8	4.1	4.5	5.2
Strdln_Twater_091015-100602_corrd_sm.csv:2009-11-01_16:00	305.6			1.0	2.6	3.9	4.1	4.5	2009-11-01_16:00	305.6			3.8	4.1	4.5	5.2
Strdln_Twater_091015-100602_corrd_sm.csv:2009-11-01_17:15	305.7			1.0	2.5	3.9	4.1	4.5	2009-11-01_17:15	305.7			3.8	4.1	4.5	5.2
Strdln_Twater_091015-100602_corrd_sm.csv:2009-11-01_18:30	305.7			1.0	2.5	3.9	4.1	4.5	2009-11-01_18:30	305.7			3.8	4.1	4.5	5.2
Strdln_Twater_091015-100602_corrd_sm.csv:2009-11-01_19:45	305.8			1.0	2.5	3.9	4.1	4.5	2009-11-01_19:45	305.8			3.8	4.1	4.5	5.2
Strdln_Twater_091015-100602_corrd_sm.csv:2009-11-01_21:00	305.8			1.0	2.5	3.9	4.1	4.5	2009-11-01_21:00	305.8			3.8	4.1	4.5	5.2
Strdln_Twater_091015-100602_corrd_sm.csv:2009-11-01_22:15	305.9			1.0	2.5	3.9	4.1	4.5	2009-11-01_22:15	305.9			3.8	4.1	4.5	5.2
Strdln_Twater_091015-100602_corrd_sm.csv:2009-11-01_23:30	305.9			1.0	2.5	3.9	4.1	4.5	2009-11-01_23:30	305.9			3.8	4.1	4.5	5.2
Strdln_Twater_091015-100602_corrd_sm.csv:2009-11-15_00:00	319.0			0.5	2.0	3.9	4.0	4.5	2009-11-15_00:00	319.0			3.3	4.1	4.6	5.3
Strdln_Twater_091015-100602_corrd_sm.csv:2009-11-15_01:15	319.0			0.5	1.9	3.9	4.0	4.5	2009-11-15_01:15	319.0			3.3	4.2	4.6	5.3
Strdln_Twater_091015-100602_corrd_sm.csv:2009-11-15_02:30	319.1			0.5	1.9	3.9	4.0	4.5	2009-11-15_02:30	319.1			3.3	4.2	4.6	5.3
Strdln_Twater_091015-100602_corrd_sm.csv:2009-11-15_03:45	319.1			0.5	1.9	3.9	4.0	4.5	2009-11-15_03:45	319.1			3.3	4.2	4.6	5.3
Strdln_Twater_091015-100602_corrd_sm.csv:2009-11-15_05:00	319.2			0.5	2.0	3.9	4.0	4.5	2009-11-15_05:00	319.2			3.3	4.2	4.6	5.3
Strdln_Twater_091015-100602_corrd_sm.csv:2009-11-15_06:15	319.2			0.5	1.9	3.9	3.9	4.5	2009-11-15_06:15	319.2			3.3	4.1	4.6	5.3
Strdln_Twater_091015-100602_corrd_sm.csv:2009-11-15_07:30	319.3			0.5	2.0	3.9	4.0	4.5	2009-11-15_07:30	319.3			3.3	4.2	4.5	5.3
Strdln_Twater_091015-100602_corrd_sm.csv:2009-11-15_08:45	319.3			0.5	2.0	3.9	4.0	4.5	2009-11-15_08:45	319.3			3.3	4.1	4.5	5.3
Strdln_Twater_091015-100602_corrd_sm.csv:2009-11-15_10:00	319.4			0.5	2.0	3.9	4.0	4.5	2009-11-15_10:00	319.4			3.3	4.2	4.5	5.3
Strdln_Twater_091015-100602_corrd_sm.csv:2009-11-15_11:15	319.4			0.5	1.9	3.9	4.0	4.5	2009-11-15_11:15	319.4			3.3	4.1	4.5	5.3
Strdln_Twater_091015-100602_corrd_sm.csv:2009-11-15_12:30	319.5			0.5	2.0	3.9	4.0	4.5	2009-11-15_12:30	319.5			3.3	4.2	4.5	5.3
Strdln_Twater_091015-100602_corrd_sm.csv:2009-11-15_13:45	319.5			0.5	2.0	3.9	4.0	4.5	2009-11-15_13:45	319.5			3.3	4.2	4.5	5.3
Strdln_Twater_091015-100602_corrd_sm.csv:2009-11-15_15:00	319.6			0.5	1.9	3.9	4.0	4.5	2009-11-15_15:00	319.6			3.3	4.1	4.5	5.3
Strdln_Twater_091015-100602_corrd_sm.csv:2009-11-15_16:15	319.6			0.5	2.0	3.9	4.0	4.5	2009-11-15_16:15	319.6			3.3	4.1	4.5	5.2
Strdln_Twater_091015-100602_corrd_sm.csv:2009-11-15_17:30	319.7			0.5	2.0	3.9	4.0	4.5	2009-11-15_17:30	319.7			3.3	4.2	4.5	5.3
Strdln_Twater_091015-100602_corrd_sm.csv:2009-11-15_18:45	319.7			0.5	1.9	3.9	4.0	4.5	2009-11-15_18:45	319.7			3.3	4.2	4.5	5.3
Strdln_Twater_091015-100602_corrd_sm.csv:2009-11-15_20:00	319.8			0.5	2.0	3.9	4.0	4.5	2009-11-15_20:00	319.8			3.2	4.1	4.5	5.2
Strdln_Twater_091015-100602_corrd_sm.csv:2009-11-15_21:15	319.8			0.5	2.0	3.9	4.0	4.5	2009-11-15_21:15	319.8			3.2	4.2	4.5	5.3
Strdln_Twater_091015-100602_corrd_sm.csv:2009-11-15_22:30	319.9			0.5	1.9	3.9	4.0	4.5	2009-11-15_22:30	319.9			3.2	4.1	4.5	5.3
Strdln_Twater_091015-100602_corrd_sm.csv:2009-11-15_23:45	319.9			0.5	1.9	3.9	4.0	4.5	2009-11-15_23:45	319.9			3.2	4.2	4.5	5.3
Strdln_Twater_091015-100602_corrd_sm.csv:2009-12-01_01:00	335.0			0.2	1.7	3.5	3.8	4.4	2009-12-01_01:00	335.0			2.4	3.5	4.3	5.2
Strdln_Twater_091015-100602_corrd_sm.csv:2009-12-01_02:15	335.0			0.2	1.6	3.5	3.8	4.4	2009-12-01_02:15	335.0			2.4	3.5	4.3	5.2
Strdln_Twater_091015-100602_corrd_sm.csv:2009-12-01_03:30	335.1			0.2	1.7	3.5	3.8	4.4	2009-12-01_03:30	335.1			2.4	3.5	4.3	5.2
Strdln_Twater_091015-100602_corrd_sm.csv:2009-12-01_04:45	335.1			0.2	1.6	3.5	3.8	4.4	2009-12-01_04:45	335.1			2.4	3.5	4.3	5.2
Strdln_Twater_091015-100602_corrd_sm.csv:2009-12-01_06:00	335.2			0.2	1.6	3.5	3.7	4.4	2009-12-01_06:00	335.2			2.4	3.5	4.3	5.2
Strdln_Twater_091015-100602_corrd_sm.csv:2009-12-01_07:15	335.3			0.2	1.6	3.5	3.8	4.4	2009-12-01_07:15	335.3			2.3	3.5	4.3	5.2
Strdln_Twater_091015-100602_corrd_sm.csv:2009-12-01_08:30	335.3			0.2	1.6	3.5	3.8	4.4	2009-12-01_08:30	335.3			2.4	3.5	4.3	5.2
Strdln_Twater_091015-100602_corrd_sm.csv:2009-12-01_09:45	335.4			0.2	1.6	3.5	3.8	4.4	2009-12-01_09:45	335.4			2.4	3.5	4.3	5.2
Strdln_Twater_091015-100602_corrd_sm.csv:2009-12-01_11:00	335.4			0.2	1.6	3.5	3.8	4.4	2009-12-01_11:00	335.4			2.3	3.4	4.3	5.2
Strdln_Twater_091015-100602_corrd_sm.csv:2009-12-01_12:15	335.5			0.2	1.6	3.5	3.7	4.4	2009-12-01_12:15	335.5			2.3	3.5	4.3	5.2
Strdln_Twater_091015-100602_corrd_sm.csv:2009-12-01_13:30	335.5			0.2	1.7	3.5	3.7	4.4	2009-12-01_13:30	335.5			2.4	3.5	4.3	5.2
Strdln_Twater_091015-100602_corrd_sm.csv:2009-12-01_14:45	335.6			0.2	1.7	3.5	3.7	4.4	2009-12-01_14:45	335.6			2.3	3.4	4.3	5.2
Strdln_Twater_091015-100602_corrd_sm.csv:2009-12-01_16:00	335.6			0.2	1.7	3.5	3.7	4.4	2009-12-01_16:00	335.6			2.3	3.4	4.3	5.2
Strdln_Twater_091015-100602_corrd_sm.csv:2009-12-01_17:15	335.7			0.2	1.7	3.5	3.7	4.4	2009-12-01_17:15	335.7			2.3	3.4	4.3	5.2
Strdln_Twater_091015-100602_corrd_sm.csv:2009-12-01_18:30	335.7			0.1	1.6	3.5	3.7	4.4	2009-12-01_18:30	335.7			2.4	3.4	4.3	5.2
Strdln_Twater_091015-100602_corrd_sm.csv:2009-12-01_19:45	335.8			0.1	1.7	3.5	3.7	4.4	2009-12-01_19:45	335.8			2.3	3.5	4.4	5.2
Strdln_Twater_091015-100602_corrd_sm.csv:2009-12-01_21:00	335.8			0.1	1.6	3.5	3.7	4.4	2009-12-01_21:00	335.8			2.3	3.5	4.3	5.2
Strdln_Twater_091015-100602_corrd_sm.csv:2009-12-01_22:15	335.9			0.1	1.6	3.5	3.7	4.4	2009-12-01_22:15	335.9			2.3	3.5	4.3	5.2
Strdln_Twater_091015-100602_corrd_sm.csv:2009-12-01_23:30	335.9			0.2	1.6	3.5	3.7	4.4	2009-12-01_23:30	335.9			2.3	3.5	4.3	5.2
Strdln_Twater_091015-100602_corrd_sm.csv:2009-12-15_00:00	349.0			0.0	1.5	3.4	3.4	4.3	2009-12-15_00:00	349.0			1.7	3.1	4.4	5.2
Strdln_Twater_091015-100602_corrd_sm.csv:2009-12-15_01:15	349.0			0.0	1.5	3.3	3.5	4.2	2009-12-15_01:15	349.0			1.7	3.0	4.4	5.2
Strdln_Twater_091015-100602_corrd_sm.csv:2009-12-15_02:30	349.1			0.0	1.4	3.3	3.4	4.3	2009-12-15_02:30	349.1			1.7	3.1	4.4	5.2
Strdln_Twater_091015-100602_corrd_sm.csv:2009-12-15_03:45	349.1			0.0	1.4	3.3	3.4	4.3	2009-12-15_03:45	349.1			1.7	3.1	4.4	5.2
Strdln_Twater_091015-100602_corrd_sm.csv:2009-12-15_05:00	349.2			0.0	1.4	3.3	3.4	4.3	2009-12-15_05:00	349.2			1.7	3.1	4.4	5.2
Strdln_Twater_091015-100602_corrd_sm.csv:2009-12-15_06:15	349.2			0.0	1.4	3.3	3.4	4.2	2009-12-15_06:15	349.2			1.6	3.1	4.4	5.2
Strdln_Twater_091015-100602_corrd_sm.csv:2009-12-15_07:30	349.3			0.0	1.4	3.3	3.4	4.3	2009-12-15_07:30	349.3			1.7	3.0	4.4	5.2
Strdln_Twater_091015-100602_corrd_sm.csv:2009-12-15_08:45	349.3			0.0	1.5	3.3	3.4	4.2	2009-12-15_08:45	349.3			1.7	3.1	4.5	5.2
Strdln_Twater_091015-100602_corrd_sm.csv:2009-12-15_10:00	349.4			0.0	1.5	3.3	3.4	4.3	2009-12-15_10:00	349.4			1.7	3.1	4.5	5.2
Strdln_Twater_091015-100602_corrd_sm.csv:2009-12-15_11:15	349.4			0.0	1.4	3.3	3.3	4.3	2009-12-15_11:15	349.4			1.7	3.1	4.5	5.2
Strdln_Twater_091015-100602_corrd_sm.csv:2009-12-15_12:30	349.5			0.0	1.5	3.3	3.4	4.3	2009-12-15_12:30	349.5			1.7	3.1	4.5	5.2
Strdln_Twater_091015-100602_corrd_sm.csv:2009-12-15_13:45	349.5			0.0	1.4	3.3	3.3	4.2	2009-12-15_13:45	349.5			1.7	3.0	4.5	5.2
Strdln_Twater_091015-100602_corrd_sm.csv:2009-12-15_15:00	349.6			0.0	1.4	3.3	3.4	4.3	2009-12-15_15:00	349.6			1.7	3.1	4.5	5.2
Strdln_Twater_091015-100602_corrd_sm.csv:2009-12-15_16:15	349.6			0.0	1.4	3.3	3.4	4.3	2009-12-15_16:15	349.6			1.7	3.1	4.5	5.2
Strdln_Twater_091015-100602_corrd_sm.csv:2009-12-15_17:30	349.7			0.0	1.4	3.3	3.4	4.3	2009-12-15_17:30	349.7			1.7	3.1	4.5	5.2
Strdln_Twater_091015-100602_corrd_sm.csv:2009-12-15_18:45	349.7			0.0	1.4	3.3	3.4	4.2	2009-12-15_18:45	349.7			1.7	3.0	4.4	5.2
Strdln_Twater_091015-100602_corrd_sm.csv:2009-12-15_20:00	349.8			0.0	1.4	3.3	3.4	4.3	2009-12-15_20:00	349.8			1.7	3.0	4.4	5.2
Strdln_Twater_091015-100602_corrd_sm.csv:2009-12-15_21:15	349.8			0.0	1.4	3.3	3.4	4.2	2009-12-15_21:15	349.8			1.7	3.1	4.4	5.2
Strdln_Twater_091015-100602_corrd_sm.csv:2009-12-15_22:30	349.9			0.0	1.4	3.3	3.3	4.3	2009-12-15_22:30	349.9			1.6	3.0	4.3	5.2
Strdln_Twater_091015-100602_corrd_sm.csv:2009-12-15_23:45	349.9			0.0	1.4	3.3	3.4	4.2	2009-12-15_23:45	349.9			1.7	3.1	4.3	5.2
Strdln_Twater_091015-100602_corrd_sm.csv:2010-01-01_00:45	1.0			-3.0	1.3	3.1	3.4	4.1	2010-01-01_00:45	1.0			0.7	2.5	4.4	5.2
Strdln_Twater_091015-100602_corrd_sm.csv:2010-01-01_02:00	1.0			-2.9	1.3	3.1	3.4	4.1	2010-01-01_02:00	1.0			0.8	2.5	4.4	5.2
Strdln_Twater_091015-100602_corrd_sm.csv:2010-01-01_03:15	1.1			-2.9	1.4	3.1	3.4	4.1	2010-01-01_03:15	1.1			0.8	2.4	4.4	5.2
Strdln_Twater_091015-100602_corrd_sm.csv:2010-01-01_04:30	1.1			-2.9	1.3	3.1	3.4	4.0	2010-01-01_04:30	1.1			0.7	2.4	4.4	5.2
Strdln_Twater_091015-100602_corrd_sm.csv:2010-01-01_05:45	1.2			-2.9	1.3	3.1	3.4	4.0	2010-01-01_05:45	1.2			0.7	2.4	4.4	5.2
Strdln_Twater_091015-100602_corrd_sm.csv:2010-01-01_07:00	1.2			-2.9	1.3	3.1	3.4	4.0	2010-01-01_07:00	1.2			0.8	2.3	4.3	5.2
Strdln_Twater_091015-100602_corrd_sm.csv:2010-01-01_08:15	1.3			-2.9	1.4	3.0	3.4	4.0	2010-01-01_08:15	1.3			0.7	2.4	4.3	5.2
Strdln_Twater_091015-100602_corrd_sm.csv:2010-01-01_09:30	1.3			-2.9	1.3	3.0	3.4	4.0	2010-01-01_09:30	1.3			0.8	2.4	4.3	5.2
Strdln_Twater_091015-100602_corrd_sm.csv:2010-01-01_10:45	1.4			-2.9	1.3	3.0	3.4	4.0	2010-01-01_10:45	1.4			0.7	2.3	4.4	5.2
Strdln_Twater_091015-100602_corrd_sm.csv:2010-01-01_12:00	1.5			-2.9	1.3	3.1	3.4	4.0	2010-01-01_12:00	1.5			0.7	2.5	4.4	5.2
Strdln_Twater_091015-100602_corrd_sm.csv:2010-01-01_13:15	1.5			-2.9	1.3	3.0	3.4	4.1	2010-01-01_13:15	1.5			0.7	2.4	4.3	5.2
Strdln_Twater_091015-100602_corrd_sm.csv:2010-01-01_14:30	1.6			-3.0	1.3	3.0	3.4	4.0	2010-01-01_14:30	1.6			0.7	2.5	4.4	5.2
Strdln_Twater_091015-100602_corrd_sm.csv:2010-01-01_15:45	1.6			-3.0	1.3	3.0	3.4	4.0	2010-01-01_15:45	1.6			0.7	2.5	4.4	5.2
Strdln_Twater_091015-100602_corrd_sm.csv:2010-01-01_17:00	1.7			-3.0	1.3	3.0	3.4	4.0	2010-01-01_17:00	1.7			0.7	2.4	4.4	5.2
Strdln_Twater_091015-100602_corrd_sm.csv:2010-01-01_18:15	1.7			-3.1	1.3	3.0	3.4	4.0	2010-01-01_18:15	1.7			0.7	2.5	4.4	5.2
Strdln_Twater_091015-100602_corrd_sm.csv:2010-01-01_19:30	1.8			-3.1	1.3	3.1	3.5	4.0	2010-01-01_19:30	1.8			0.7	2.4	4.4	5.2
Strdln_Twater_091015-100602_corrd_sm.csv:2010-01-01_20:45	1.8			-3.1	1.3	3.1	3.5	4.0	2010-01-01_20:45	1.8			0.7	2.5	4.4	5.2
Strdln_Twater_091015-100602_corrd_sm.csv:2010-01-01_22:00	1.9			-3.2	1.3	3.1	3.5	4.0	2010-01-01_22:00	1.9			0.6	2.4	4.4	5.2
Strdln_Twater_091015-100602_corrd_sm.csv:2010-01-01_23:15	1.9			-3.2	1.3	3.1	3.5	4.0	2010-01-01_23:15	1.9			0.7	2.4	4.5	5.2
Strdln_Twater_091015-100602_corrd_sm.csv:2010-01-15_01:00	15.0			-1.3	1.0	2.6	3.4	3.8	2010-01-15_01:00	15.0			0.2	2.0	4.3	5.1
Strdln_Twater_091015-100602_corrd_sm.csv:2010-01-15_02:15	15.0			-1.4	1.0	2.6	3.4	3.8	2010-01-15_02:15	15.0			0.2	2.0	4.3	5.1
Strdln_Twater_091015-100602_corrd_sm.csv:2010-01-15_03:30	15.1			-1.5	1.0	2.6	3.4	3.8	2010-01-15_03:30	15.1			0.2	2.0	4.3	5.1
Strdln_Twater_091015-100602_corrd_sm.csv:2010-01-15_04:45	15.1			-1.6	0.9	2.6	3.4	3.8	2010-01-15_04:45	15.1			0.2	2.0	4.3	5.1
Strdln_Twater_091015-100602_corrd_sm.csv:2010-01-15_06:00	15.2			-1.7	1.0	2.6	3.4	3.8	2010-01-15_06:00	15.2			0.2	2.0	4.3	5.1
Strdln_Twater_091015-100602_corrd_sm.csv:2010-01-15_07:15	15.3			-1.7	1.0	2.6	3.4	3.8	2010-01-15_07:15	15.3			0.2	1.9	4.3	5.1
Strdln_Twater_091015-100602_corrd_sm.csv:2010-01-15_08:30	15.3			-1.8	1.0	2.6	3.4	3.8	2010-01-15_08:30	15.3			0.2	1.9	4.3	5.1
Strdln_Twater_091015-100602_corrd_sm.csv:2010-01-15_09:45	15.4			-1.9	1.0	2.6	3.4	3.8	2010-01-15_09:45	15.4			0.2	1.9	4.3	5.1
Strdln_Twater_091015-100602_corrd_sm.csv:2010-01-15_11:00	15.4			-1.9	1.0	2.6	3.4	3.8	2010-01-15_11:00	15.4			0.2	1.9	4.3	5.1
Strdln_Twater_091015-100602_corrd_sm.csv:2010-01-15_12:15	15.5			-2.0	0.9	2.6	3.4	3.8	2010-01-15_12:15	15.5			0.2	2.0	4.4	5.1
Strdln_Twater_091015-100602_corrd_sm.csv:2010-01-15_13:30	15.5			-2.1	0.9	2.6	3.4	3.7	2010-01-15_13:30	15.5			0.2	2.0	4.4	5.1
Strdln_Twater_091015-100602_corrd_sm.csv:2010-01-15_14:45	15.6			-2.1	0.9	2.6	3.4	3.8	2010-01-15_14:45	15.6			0.2	2.0	4.4	5.1
Strdln_Twater_091015-100602_corrd_sm.csv:2010-01-15_16:00	15.6			-2.2	0.9	2.6	3.4	3.7	2010-01-15_16:00	15.6			0.2	1.9	4.4	5.1
Strdln_Twater_091015-100602_corrd_sm.csv:2010-01-15_17:15	15.7			-2.2	1.0	2.6	3.4	3.7	2010-01-15_17:15	15.7			0.2	1.9	4.4	5.1
Strdln_Twater_091015-100602_corrd_sm.csv:2010-01-15_18:30	15.7			-2.3	0.9	2.6	3.4	3.7	2010-01-15_18:30	15.7			0.2	1.9	4.4	5.1
Strdln_Twater_091015-100602_corrd_sm.csv:2010-01-15_19:45	15.8			-2.4	1.0	2.6	3.4	3.7	2010-01-15_19:45	15.8			0.2	1.9	4.4	5.1
Strdln_Twater_091015-100602_corrd_sm.csv:2010-01-15_21:00	15.8			-2.4	1.0	2.6	3.4	3.7	2010-01-15_21:00	15.8			0.2	1.9	4.3	5.1
Strdln_Twater_091015-100602_corrd_sm.csv:2010-01-15_22:15	15.9			-2.4	1.0	2.6	3.4	3.7	2010-01-15_22:15	15.9			0.2	1.9	4.3	5.1
Strdln_Twater_091015-100602_corrd_sm.csv:2010-01-15_23:30	15.9			-2.5	0.9	2.6	3.4	3.7	2010-01-15_23:30	15.9			0.2	1.9	4.3	5.1
Strdln_Twater_091015-100602_corrd_sm.csv:2010-02-01_00:30	32.0			-7.3	0.7	2.5	3.3	3.7	2010-02-01_00:30	32.0			-1.9	1.5	4.3	5.1
Strdln_Twater_091015-100602_corrd_sm.csv:2010-02-01_01:45	32.0			-7.2	0.7	2.5	3.3	3.7	2010-02-01_01:45	32.0			-1.9	1.5	4.2	5.1
Strdln_Twater_091015-100602_corrd_sm.csv:2010-02-01_03:00	32.1			-7.2	0.7	2.5	3.3	3.7	2010-02-01_03:00	32.1			-1.9	1.5	4.2	5.1
Strdln_Twater_091015-100602_corrd_sm.csv:2010-02-01_04:15	32.1			-7.2	0.7	2.5	3.3	3.7	2010-02-01_04:15	32.1			-1.9	1.5	4.2	5.1
Strdln_Twater_091015-100602_corrd_sm.csv:2010-02-01_05:30	32.2			-7.2	0.7	2.5	3.3	3.7	2010-02-01_05:30	32.2			-1.9	1.5	4.2	5.1
Strdln_Twater_091015-100602_corrd_sm.csv:2010-02-01_06:45	32.2			-7.1	0.7	2.5	3.3	3.7	2010-02-01_06:45	32.2			-1.9	1.5	4.2	5.1
Strdln_Twater_091015-100602_corrd_sm.csv:2010-02-01_08:00	32.3			-7.1	0.7	2.5	3.3	3.7	2010-02-01_08:00	32.3			-1.9	1.5	4.2	5.1
Strdln_Twater_091015-100602_corrd_sm.csv:2010-02-01_09:15	32.3			-7.1	0.7	2.5	3.3	3.7	2010-02-01_09:15	32.3			-1.9	1.5	4.2	5.1
Strdln_Twater_091015-100602_corrd_sm.csv:2010-02-01_10:30	32.4			-7.0	0.7	2.5	3.3	3.7	2010-02-01_10:30	32.4			-1.9	1.5	4.2	5.1
Strdln_Twater_091015-100602_corrd_sm.csv:2010-02-01_11:45	32.4			-7.0	0.7	2.5	3.3	3.7	2010-02-01_11:45	32.4			-1.9	1.5	4.2	5.1
Strdln_Twater_091015-100602_corrd_sm.csv:2010-02-01_13:00	32.5			-6.9	0.7	2.5	3.3	3.7	2010-02-01_13:00	32.5			-1.8	1.5	4.2	5.1
Strdln_Twater_091015-100602_corrd_sm.csv:2010-02-01_14:15	32.5			-6.9	0.8	2.5	3.3	3.7	2010-02-01_14:15	32.5			-1.8	1.5	4.2	5.1
Strdln_Twater_091015-100602_corrd_sm.csv:2010-02-01_15:30	32.6			-6.9	0.8	2.5	3.3	3.7	2010-02-01_15:30	32.6			-1.9	1.5	4.2	5.1
Strdln_Twater_091015-100602_corrd_sm.csv:2010-02-01_16:45	32.6			-6.9	0.8	2.5	3.3	3.7	2010-02-01_16:45	32.6			-1.9	1.5	4.2	5.1
Strdln_Twater_091015-100602_corrd_sm.csv:2010-02-01_18:00	32.7			-6.9	0.8	2.5	3.3	3.7	2010-02-01_18:00	32.7			-1.9	1.5	4.2	5.1
Strdln_Twater_091015-100602_corrd_sm.csv:2010-02-01_19:15	32.8			-6.9	0.7	2.5	3.3	3.7	2010-02-01_19:15	32.8			-1.9	1.5	4.2	5.1
Strdln_Twater_091015-100602_corrd_sm.csv:2010-02-01_20:30	32.8			-6.9	0.7	2.5	3.3	3.8	2010-02-01_20:30	32.8			-1.9	1.5	4.2	5.1
Strdln_Twater_091015-100602_corrd_sm.csv:2010-02-01_21:45	32.9			-6.9	0.7	2.5	3.3	3.8	2010-02-01_21:45	32.9			-1.9	1.5	4.2	5.1
Strdln_Twater_091015-100602_corrd_sm.csv:2010-02-01_23:00	32.9			-6.9	0.7	2.5	3.3	3.8	2010-02-01_23:00	32.9			-2.0	1.5	4.2	5.1
Strdln_Twater_091015-100602_corrd_sm.csv:2010-02-15_00:45	46.0			-1.9	0.1	2.3	2.7	3.8	2010-02-15_00:45	46.0			-0.8	0.9	4.0	5.1
Strdln_Twater_091015-100602_corrd_sm.csv:2010-02-15_02:00	46.0			-1.9	0.1	2.3	2.7	3.8	2010-02-15_02:00	46.0			-0.8	0.9	4.0	5.1
Strdln_Twater_091015-100602_corrd_sm.csv:2010-02-15_03:15	46.1			-1.9	0.1	2.3	2.7	3.8	2010-02-15_03:15	46.1			-0.8	0.9	4.0	5.1
Strdln_Twater_091015-100602_corrd_sm.csv:2010-02-15_04:30	46.1			-1.8	0.1	2.3	2.6	3.8	2010-02-15_04:30	46.1			-0.7	0.9	4.0	5.1
Strdln_Twater_091015-100602_corrd_sm.csv:2010-02-15_05:45	46.2			-1.8	0.1	2.3	2.6	3.8	2010-02-15_05:45	46.2			-0.7	0.9	4.0	5.1
Strdln_Twater_091015-100602_corrd_sm.csv:2010-02-15_07:00	46.2			-1.8	0.1	2.3	2.6	3.8	2010-02-15_07:00	46.2			-0.7	0.9	4.0	5.1
Strdln_Twater_091015-100602_corrd_sm.csv:2010-02-15_08:15	46.3			-1.8	0.1	2.3	2.6	3.8	2010-02-15_08:15	46.3			-0.7	0.9	4.1	5.0
Strdln_Twater_091015-100602_corrd_sm.csv:2010-02-15_09:30	46.3			-1.7	0.1	2.3	2.6	3.8	2010-02-15_09:30	46.3			-0.7	0.9	4.1	5.0
Strdln_Twater_091015-100602_corrd_sm.csv:2010-02-15_10:45	46.4			-1.7	0.1	2.3	2.6	3.8	2010-02-15_10:45	46.4			-0.7	0.9	4.1	5.0
Strdln_Twater_091015-100602_corrd_sm.csv:2010-02-15_12:00	46.5			-1.7	0.1	2.3	2.6	3.8	2010-02-15_12:00	46.5			-0.7	0.9	4.1	5.0
Strdln_Twater_091015-100602_corrd_sm.csv:2010-02-15_13:15	46.5			-1.7	0.1	2.3	2.5	3.8	2010-02-15_13:15	46.5			-0.7	0.9	4.1	5.0
Strdln_Twater_091015-100602_corrd_sm.csv:2010-02-15_14:30	46.6			-1.7	0.1	2.3	2.5	3.8	2010-02-15_14:30	46.6			-0.6	0.9	4.1	5.0
Strdln_Twater_091015-100602_corrd_sm.csv:2010-02-15_15:45	46.6			-1.6	0.1	2.3	2.5	3.8	2010-02-15_15:45	46.6			-0.6	0.9	4.1	5.0
Strdln_Twater_091015-100602_corrd_sm.csv:2010-02-15_17:00	46.7			-1.6	0.1	2.3	2.5	3.8	2010-02-15_17:00	46.7			-0.6	0.9	4.1	5.0
Strdln_Twater_091015-100602_corrd_sm.csv:2010-02-15_18:15	46.7			-1.6	0.1	2.3	2.5	3.8	2010-02-15_18:15	46.7			-0.6	0.9	4.1	5.0
Strdln_Twater_091015-100602_corrd_sm.csv:2010-02-15_19:30	46.8			-1.6	0.1	2.3	2.5	3.8	2010-02-15_19:30	46.8			-0.6	0.9	4.1	5.0
Strdln_Twater_091015-100602_corrd_sm.csv:2010-02-15_20:45	46.8			-1.5	0.1	2.3	2.5	3.8	2010-02-15_20:45	46.8			-0.6	0.9	4.1	5.0
Strdln_Twater_091015-100602_corrd_sm.csv:2010-02-15_22:00	46.9			-1.5	0.1	2.3	2.5	3.8	2010-02-15_22:00	46.9			-0.6	0.9	4.1	5.0
Strdln_Twater_091015-100602_corrd_sm.csv:2010-02-15_23:15	46.9			-1.5	0.1	2.3	2.5	3.8	2010-02-15_23:15	46.9			-0.6	0.9	4.1	5.0
Strdln_Twater_091015-100602_corrd_sm.csv:2010-03-01_01:00	60.0			-8.2	-0.9	2.1	2.8	3.7	2010-03-01_01:00	60.0			-3.1	0.5	4.1	5.0
Strdln_Twater_091015-100602_corrd_sm.csv:2010-03-01_02:15	60.0			-8.2	-0.9	2.1	2.8	3.7	2010-03-01_02:15	60.0			-3.1	0.5	4.1	5.0
Strdln_Twater_091015-100602_corrd_sm.csv:2010-03-01_03:30	60.1			-8.2	-0.9	2.1	2.8	3.7	2010-03-01_03:30	60.1			-3.1	0.5	4.1	5.0
Strdln_Twater_091015-100602_corrd_sm.csv:2010-03-01_04:45	60.1			-8.3	-0.9	2.1	2.8	3.7	2010-03-01_04:45	60.1			-3.1	0.5	4.1	5.0
Strdln_Twater_091015-100602_corrd_sm.csv:2010-03-01_06:00	60.2			-8.3	-0.9	2.1	2.8	3.7	2010-03-01_06:00	60.2			-3.1	0.5	4.1	5.0
Strdln_Twater_091015-100602_corrd_sm.csv:2010-03-01_07:15	60.3			-8.3	-0.9	2.1	2.8	3.7	2010-03-01_07:15	60.3			-3.1	0.5	4.1	5.0
Strdln_Twater_091015-100602_corrd_sm.csv:2010-03-01_08:30	60.3			-8.4	-0.9	2.1	2.8	3.7	2010-03-01_08:30	60.3			-3.1	0.5	4.1	5.0
Strdln_Twater_091015-100602_corrd_sm.csv:2010-03-01_09:45	60.4			-8.4	-0.9	2.1	2.8	3.7	2010-03-01_09:45	60.4			-3.1	0.5	4.1	5.0
Strdln_Twater_091015-100602_corrd_sm.csv:2010-03-01_11:00	60.4			-8.4	-0.9	2.1	2.8	3.7	2010-03-01_11:00	60.4			-3.1	0.5	4.1	5.0
Strdln_Twater_091015-100602_corrd_sm.csv:2010-03-01_12:15	60.5			-8.3	-0.9	2.1	2.8	3.7	2010-03-01_12:15	60.5			-3.1	0.5	4.0	5.0
Strdln_Twater_091015-100602_corrd_sm.csv:2010-03-01_13:30	60.5			-8.3	-0.9	2.1	2.8	3.7	2010-03-01_13:30	60.5			-3.1	0.5	4.0	5.0
Strdln_Twater_091015-100602_corrd_sm.csv:2010-03-01_14:45	60.6			-8.3	-0.9	2.1	2.8	3.7	2010-03-01_14:45	60.6			-3.1	0.5	4.0	5.0
Strdln_Twater_091015-100602_corrd_sm.csv:2010-03-01_16:00	60.6			-8.3	-1.0	2.1	2.8	3.7	2010-03-01_16:00	60.6			-3.1	0.5	4.0	5.0
Strdln_Twater_091015-100602_corrd_sm.csv:2010-03-01_17:15	60.7			-8.4	-1.0	2.1	2.8	3.7	2010-03-01_17:15	60.7			-3.2	0.5	4.0	5.0
Strdln_Twater_091015-100602_corrd_sm.csv:2010-03-01_18:30	60.7			-8.4	-1.0	2.1	2.8	3.7	2010-03-01_18:30	60.7			-3.2	0.5	3.9	5.0
Strdln_Twater_091015-100602_corrd_sm.csv:2010-03-01_19:45	60.8			-8.4	-1.0	2.1	2.8	3.7	2010-03-01_19:45	60.8			-3.2	0.5	3.9	5.0
Strdln_Twater_091015-100602_corrd_sm.csv:2010-03-01_21:00	60.8			-8.4	-1.0	2.1	2.8	3.7	2010-03-01_21:00	60.8			-3.2	0.5	3.9	5.0
Strdln_Twater_091015-100602_corrd_sm.csv:2010-03-01_22:15	60.9			-8.4	-1.0	2.1	2.8	3.7	2010-03-01_22:15	60.9			-3.2	0.5	3.8	5.0
Strdln_Twater_091015-100602_corrd_sm.csv:2010-03-01_23:30	60.9			-8.4	-1.0	2.1	2.8	3.7	2010-03-01_23:30	60.9			-3.2	0.5	3.8	5.0
Strdln_Twater_091015-100602_corrd_sm.csv:2010-03-15_00:00	74.0			-2.2	-0.4	2.1	2.9	3.7	2010-03-15_00:00	74.0			-1.0	0.1	4.0	4.8
Strdln_Twater_091015-100602_corrd_sm.csv:2010-03-15_01:15	74.0			-2.2	-0.4	2.1	2.9	3.7	2010-03-15_01:15	74.0			-1.0	0.1	4.0	4.8
Strdln_Twater_091015-100602_corrd_sm.csv:2010-03-15_02:30	74.1			-2.2	-0.4	2.1	2.9	3.7	2010-03-15_02:30	74.1			-1.0	0.1	4.0	4.8
Strdln_Twater_091015-100602_corrd_sm.csv:2010-03-15_03:45	74.1			-2.2	-0.4	2.1	2.9	3.7	2010-03-15_03:45	74.1			-1.0	0.1	4.0	4.8
Strdln_Twater_091015-100602_corrd_sm.csv:2010-03-15_05:00	74.2			-2.2	-0.4	2.1	2.9	3.7	2010-03-15_05:00	74.2			-1.0	0.1	4.1	4.8
Strdln_Twater_091015-100602_corrd_sm.csv:2010-03-15_06:15	74.2			-2.2	-0.4	2.1	2.9	3.7	2010-03-15_06:15	74.2			-1.0	0.1	4.1	4.8
Strdln_Twater_091015-100602_corrd_sm.csv:2010-03-15_07:30	74.3			-2.1	-0.4	2.1	2.9	3.7	2010-03-15_07:30	74.3			-1.0	0.1	4.1	4.8
Strdln_Twater_091015-100602_corrd_sm.csv:2010-03-15_08:45	74.3			-2.1	-0.4	2.1	2.9	3.7	2010-03-15_08:45	74.3			-1.0	0.1	4.1	4.8
Strdln_Twater_091015-100602_corrd_sm.csv:2010-03-15_10:00	74.4			-2.1	-0.4	2.1	2.9	3.7	2010-03-15_10:00	74.4			-1.0	0.1	4.1	4.8
Strdln_Twater_091015-100602_corrd_sm.csv:2010-03-15_11:15	74.4			-2.1	-0.4	2.1	2.9	3.7	2010-03-15_11:15	74.4			-0.9	0.1	4.1	4.8
Strdln_Twater_091015-100602_corrd_sm.csv:2010-03-15_12:30	74.5			-2.1	-0.4	2.1	2.9	3.7	2010-03-15_12:30	74.5			-0.9	0.1	4.1	4.8
Strdln_Twater_091015-100602_corrd_sm.csv:2010-03-15_13:45	74.5			-2.1	-0.4	2.1	2.9	3.7	2010-03-15_13:45	74.5			-0.9	0.1	4.1	4.8
Strdln_Twater_091015-100602_corrd_sm.csv:2010-03-15_15:00	74.6			-2.1	-0.4	2.1	2.9	3.7	2010-03-15_15:00	74.6			-0.9	0.1	4.1	4.8
Strdln_Twater_091015-100602_corrd_sm.csv:2010-03-15_16:15	74.6			-2.1	-0.4	2.1	2.9	3.7	2010-03-15_16:15	74.6			-0.9	0.1	4.1	4.8
Strdln_Twater_091015-100602_corrd_sm.csv:2010-03-15_17:30	74.7			-2.1	-0.4	2.1	2.9	3.7	2010-03-15_17:30	74.7			-0.9	0.1	4.1	4.8
Strdln_Twater_091015-100602_corrd_sm.csv:2010-03-15_18:45	74.7			-2.1	-0.4	2.1	2.9	3.7	2010-03-15_18:45	74.7			-0.9	0.1	4.1	4.8
Strdln_Twater_091015-100602_corrd_sm.csv:2010-03-15_20:00	74.8			-2.1	-0.4	2.1	2.9	3.7	2010-03-15_20:00	74.8			-0.9	0.1	4.1	4.8
Strdln_Twater_091015-100602_corrd_sm.csv:2010-03-15_21:15	74.8			-2.1	-0.4	2.1	2.9	3.7	2010-03-15_21:15	74.8			-0.9	0.1	4.1	4.8
Strdln_Twater_091015-100602_corrd_sm.csv:2010-03-15_22:30	74.9			-2.1	-0.4	2.1	2.9	3.7	2010-03-15_22:30	74.9			-0.9	0.1	4.1	4.8
Strdln_Twater_091015-100602_corrd_sm.csv:2010-03-15_23:45	74.9			-2.0	-0.4	2.1	2.9	3.7	2010-03-15_23:45	74.9			-0.9	0.1	4.1	4.8
Strdln_Twater_091015-100602_corrd_sm.csv:2010-04-01_00:45	91.0			-1.9	-0.4	2.1	2.9	3.7	2010-04-01_00:45	91.0			-1.1	0.0	4.0	4.9
Strdln_Twater_091015-100602_corrd_sm.csv:2010-04-01_02:00	91.0			-1.9	-0.4	2.1	2.9	3.7	2010-04-01_02:00	91.0			-1.1	0.0	4.0	4.9
Strdln_Twater_091015-100602_corrd_sm.csv:2010-04-01_03:15	91.1			-1.9	-0.4	2.1	2.9	3.7	2010-04-01_03:15	91.1			-1.1	0.0	4.0	4.9
Strdln_Twater_091015-100602_corrd_sm.csv:2010-04-01_04:30	91.1			-1.9	-0.4	2.1	2.9	3.7	2010-04-01_04:30	91.1			-1.1	0.0	4.0	4.9
Strdln_Twater_091015-100602_corrd_sm.csv:2010-04-01_05:45	91.2			-1.9	-0.4	2.1	2.9	3.7	2010-04-01_05:45	91.2			-1.0	0.0	4.0	4.9
Strdln_Twater_091015-100602_corrd_sm.csv:2010-04-01_07:00	91.2			-1.9	-0.4	2.1	2.9	3.7	2010-04-01_07:00	91.2			-1.0	0.0	4.0	4.9
Strdln_Twater_091015-100602_corrd_sm.csv:2010-04-01_08:15	91.3			-1.9	-0.4	2.1	2.9	3.7	2010-04-01_08:15	91.3			-1.0	0.0	4.0	4.9
Strdln_Twater_091015-100602_corrd_sm.csv:2010-04-01_09:30	91.3			-1.9	-0.4	2.1	2.9	3.7	2010-04-01_09:30	91.3			-1.0	0.0	4.0	4.9
Strdln_Twater_091015-100602_corrd_sm.csv:2010-04-01_10:45	91.4			-1.8	-0.4	2.1	2.9	3.7	2010-04-01_10:45	91.4			-1.0	0.0	4.0	4.9
Strdln_Twater_091015-100602_corrd_sm.csv:2010-04-01_12:00	91.5			-1.8	-0.4	2.1	2.9	3.7	2010-04-01_12:00	91.5			-1.0	0.0	4.0	4.9
Strdln_Twater_091015-100602_corrd_sm.csv:2010-04-01_13:15	91.5			-1.7	-0.4	2.1	2.9	3.7	2010-04-01_13:15	91.5			-1.0	0.0	4.0	4.9
Strdln_Twater_091015-100602_corrd_sm.csv:2010-04-01_14:30	91.6			-1.7	-0.4	2.1	2.9	3.7	2010-04-01_14:30	91.6			-1.0	0.0	4.0	4.9
Strdln_Twater_091015-100602_corrd_sm.csv:2010-04-01_15:45	91.6			-1.7	-0.4	2.1	2.9	3.7	2010-04-01_15:45	91.6			-1.0	0.0	4.0	4.9
Strdln_Twater_091015-100602_corrd_sm.csv:2010-04-01_17:00	91.7			-1.7	-0.4	2.1	2.9	3.7	2010-04-01_17:00	91.7			-1.0	0.0	4.0	4.9
Strdln_Twater_091015-100602_corrd_sm.csv:2010-04-01_18:15	91.7			-1.7	-0.4	2.1	2.9	3.7	2010-04-01_18:15	91.7			-1.0	0.0	4.0	4.9
Strdln_Twater_091015-100602_corrd_sm.csv:2010-04-01_19:30	91.8			-1.7	-0.4	2.1	2.9	3.7	2010-04-01_19:30	91.8			-0.9	0.0	4.0	4.9
Strdln_Twater_091015-100602_corrd_sm.csv:2010-04-01_20:45	91.8			-1.7	-0.4	2.1	2.9	3.7	2010-04-01_20:45	91.8			-0.9	0.0	4.0	4.9
Strdln_Twater_091015-100602_corrd_sm.csv:2010-04-01_22:00	91.9			-1.6	-0.4	2.1	2.9	3.7	2010-04-01_22:00	91.9			-0.9	0.0	4.0	4.9
Strdln_Twater_091015-100602_corrd_sm.csv:2010-04-01_23:15	91.9			-1.6	-0.4	2.1	2.9	3.7	2010-04-01_23:15	91.9			-0.9	0.0	4.0	4.9
Strdln_Twater_091015-100602_corrd_sm.csv:2010-04-15_01:00	105.0			-0.0	0.0	2.0	3.0	3.7	2010-04-15_01:00	105.0			0.0	0.2	3.9	4.9
Strdln_Twater_091015-100602_corrd_sm.csv:2010-04-15_02:15	105.0			-0.0	0.0	2.0	3.0	3.7	2010-04-15_02:15	105.0			0.0	0.2	3.9	4.9
Strdln_Twater_091015-100602_corrd_sm.csv:2010-04-15_03:30	105.1			-0.0	0.0	2.0	3.0	3.7	2010-04-15_03:30	105.1			0.0	0.2	3.9	4.9
Strdln_Twater_091015-100602_corrd_sm.csv:2010-04-15_04:45	105.1			-0.0	0.0	2.0	3.0	3.7	2010-04-15_04:45	105.1			0.0	0.2	3.9	4.9
Strdln_Twater_091015-100602_corrd_sm.csv:2010-04-15_06:00	105.2			0.0	0.0	2.0	3.0	3.7	2010-04-15_06:00	105.2			0.0	0.2	3.9	4.9
Strdln_Twater_091015-100602_corrd_sm.csv:2010-04-15_07:15	105.3			0.0	0.0	2.0	3.0	3.7	2010-04-15_07:15	105.3			0.0	0.2	3.9	4.9
Strdln_Twater_091015-100602_corrd_sm.csv:2010-04-15_08:30	105.3			0.1	0.0	2.0	3.0	3.7	2010-04-15_08:30	105.3			0.1	0.3	3.9	4.9
Strdln_Twater_091015-100602_corrd_sm.csv:2010-04-15_09:45	105.4			0.2	0.0	2.0	3.0	3.7	2010-04-15_09:45	105.4			0.1	0.3	3.9	4.9
Strdln_Twater_091015-100602_corrd_sm.csv:2010-04-15_11:00	105.4			0.4	0.1	2.0	3.0	3.7	2010-04-15_11:00	105.4			0.2	0.4	3.9	4.9
Strdln_Twater_091015-100602_corrd_sm.csv:2010-04-15_12:15	105.5			0.5	0.1	2.0	3.0	3.7	2010-04-15_12:15	105.5			0.3	0.5	3.9	4.9
Strdln_Twater_091015-100602_corrd_sm.csv:2010-04-15_13:30	105.5			0.5	0.1	2.0	3.0	3.7	2010-04-15_13:30	105.5			0.3	0.6	3.9	4.9
Strdln_Twater_091015-100602_corrd_sm.csv:2010-04-15_14:45	105.6			0.4	0.1	2.0	3.0	3.7	2010-04-15_14:45	105.6			0.2	0.6	3.9	4.9
Strdln_Twater_091015-100602_corrd_sm.csv:2010-04-15_16:00	105.6			0.4	0.0	2.0	3.0	3.7	2010-04-15_16:00	105.6			0.2	0.4	3.5	4.9
Strdln_Twater_091015-100602_corrd_sm.csv:2010-04-15_17:15	105.7			0.3	0.0	2.0	3.0	3.7	2010-04-15_17:15	105.7			0.2	0.6	3.6	4.9
Strdln_Twater_091015-100602_corrd_sm.csv:2010-04-15_18:30	105.7			0.2	0.0	2.0	3.0	3.7	2010-04-15_18:30	105.7			0.1	0.5	3.6	4.9
Strdln_Twater_091015-100602_corrd_sm.csv:2010-04-15_19:45	105.8			0.1	0.0	2.0	3.0	3.7	2010-04-15_19:45	105.8			0.0	0.4	3.7	4.8
Strdln_Twater_091015-100602_corrd_sm.csv:2010-04-15_21:00	105.8			-0.0	0.0	2.0	3.0	3.7	2010-04-15_21:00	105.8			0.0	0.3	3.7	4.9
Strdln_Twater_091015-100602_corrd_sm.csv:2010-04-15_22:15	105.9			-0.0	0.0	2.0	3.0	3.7	2010-04-15_22:15	105.9			0.0	0.3	3.7	4.8
Strdln_Twater_091015-100602_corrd_sm.csv:2010-04-15_23:30	105.9			-0.0	0.0	1.9	3.0	3.7	2010-04-15_23:30	105.9			0.0	0.3	3.7	4.9
Strdln_Twater_091015-100602_corrd_sm.csv:2010-05-01_00:45	121.0			-0.0	0.0	2.0	2.9	3.7	2010-05-01_00:45	121.0			0.0	4.1	3.7	4.9
Strdln_Twater_091015-100602_corrd_sm.csv:2010-05-01_02:00	121.0			-0.0	0.0	2.0	2.9	3.7	2010-05-01_02:00	121.0			0.0	4.0	3.7	4.9
Strdln_Twater_091015-100602_corrd_sm.csv:2010-05-01_03:15	121.1			-0.0	0.0	2.0	2.9	3.7	2010-05-01_03:15	121.1			0.0	3.7	3.7	4.9
Strdln_Twater_091015-100602_corrd_sm.csv:2010-05-01_04:30	121.1			0.0	0.0	2.0	2.9	3.7	2010-05-01_04:30	121.1			0.0	3.5	3.7	4.9
Strdln_Twater_091015-100602_corrd_sm.csv:2010-05-01_05:45	121.2			0.1	0.0	2.0	2.9	3.7	2010-05-01_05:45	121.2			0.0	3.4	3.7	4.9
Strdln_Twater_091015-100602_corrd_sm.csv:2010-05-01_07:00	121.2			0.1	0.1	2.0	2.9	3.7	2010-05-01_07:00	121.2			0.1	3.3	3.7	4.9
Strdln_Twater_091015-100602_corrd_sm.csv:2010-05-01_08:15	121.3			0.2	0.1	2.0	2.9	3.7	2010-05-01_08:15	121.3			0.1	3.2	3.7	4.9
Strdln_Twater_091015-100602_corrd_sm.csv:2010-05-01_09:30	121.3			0.2	0.2	2.0	2.9	3.7	2010-05-01_09:30	121.3			0.1	3.2	3.7	4.9
Strdln_Twater_091015-100602_corrd_sm.csv:2010-05-01_10:45	121.4			0.2	0.2	2.0	2.9	3.7	2010-05-01_10:45	121.4			0.2	3.2	3.7	4.9
Strdln_Twater_091015-100602_corrd_sm.csv:2010-05-01_12:00	121.5			0.2	0.2	2.0	2.9	3.7	2010-05-01_12:00	121.5			0.2	3.2	3.7	4.9
Strdln_Twater_091015-100602_corrd_sm.csv:2010-05-01_13:15	121.5			0.2	0.2	2.0	2.9	3.7	2010-05-01_13:15	121.5			0.2	3.1	3.7	4.9
Strdln_Twater_091015-100602_corrd_sm.csv:2010-05-01_14:30	121.6			0.2	0.1	2.0	2.9	3.7	2010-05-01_14:30	121.6			0.2	3.1	3.7	4.9
Strdln_Twater_091015-100602_corrd_sm.csv:2010-05-01_15:45	121.6			0.1	0.1	2.0	2.9	3.7	2010-05-01_15:45	121.6			0.1	3.1	3.7	4.9
Strdln_Twater_091015-100602_corrd_sm.csv:2010-05-01_17:00	121.7			0.1	0.0	2.0	3.0	3.7	2010-05-01_17:00	121.7			0.1	3.0	3.7	4.9
Strdln_Twater_091015-100602_corrd_sm.csv:2010-05-01_18:15	121.7			0.0	0.0	2.0	3.0	3.7	2010-05-01_18:15	121.7			0.1	2.9	3.7	4.9
Strdln_Twater_091015-100602_corrd_sm.csv:2010-05-01_19:30	121.8			0.0	0.0	2.0	3.0	3.7	2010-05-01_19:30	121.8			0.0	2.9	3.7	4.9
Strdln_Twater_091015-100602_corrd_sm.csv:2010-05-01_20:45	121.8			0.0	0.0	2.0	3.0	3.7	2010-05-01_20:45	121.8			0.0	2.9	3.7	4.9
Strdln_Twater_091015-100602_corrd_sm.csv:2010-05-01_22:00	121.9			-0.0	0.0	2.0	3.0	3.7	2010-05-01_22:00	121.9			0.0	2.8	3.8	4.9
Strdln_Twater_091015-100602_corrd_sm.csv:2010-05-01_23:15	121.9			-0.0	0.0	2.0	3.0	3.7	2010-05-01_23:15	121.9			0.0	2.7	3.7	4.9
Strdln_Twater_091015-100602_corrd_sm.csv:2010-05-15_01:00	135.0			0.0	0.1	0.5	3.0	3.6	2010-05-15_01:00	135.0			0.0	5.9	3.8	4.9
Strdln_Twater_091015-100602_corrd_sm.csv:2010-05-15_02:15	135.0			0.0	0.0	0.5	3.0	3.6	2010-05-15_02:15	135.0			0.0	5.8	3.8	4.9
Strdln_Twater_091015-100602_corrd_sm.csv:2010-05-15_03:30	135.1			0.0	0.1	0.5	2.9	3.6	2010-05-15_03:30	135.1			0.1	5.7	3.8	4.9
Strdln_Twater_091015-100602_corrd_sm.csv:2010-05-15_04:45	135.1			0.1	0.1	0.5	2.9	3.6	2010-05-15_04:45	135.1			0.2	5.5	3.8	4.9
Strdln_Twater_091015-100602_corrd_sm.csv:2010-05-15_06:00	135.2			0.2	0.2	0.4	2.9	3.6	2010-05-15_06:00	135.2			0.2	5.3	3.8	4.9
Strdln_Twater_091015-100602_corrd_sm.csv:2010-05-15_07:15	135.3			0.3	0.3	0.4	2.9	3.6	2010-05-15_07:15	135.3			0.3	5.1	3.8	4.8
Strdln_Twater_091015-100602_corrd_sm.csv:2010-05-15_08:30	135.3			0.6	0.5	0.5	3.0	3.6	2010-05-15_08:30	135.3			0.5	5.2	3.8	4.8
Strdln_Twater_091015-100602_corrd_sm.csv:2010-05-15_09:45	135.4			1.2	0.9	0.4	2.9	3.6	2010-05-15_09:45	135.4			0.8	5.3	3.8	4.8
Strdln_Twater_091015-100602_corrd_sm.csv:2010-05-15_11:00	135.4			1.2	0.9	0.5	3.0	3.6	2010-05-15_11:00	135.4			1.0	5.1	3.8	4.8
Strdln_Twater_091015-100602_corrd_sm.csv:2010-05-15_12:15	135.5			1.3	1.0	0.6	3.0	3.6	2010-05-15_12:15	135.5			1.1	4.6	3.8	4.8
Strdln_Twater_091015-100602_corrd_sm.csv:2010-05-15_13:30	135.5			1.3	1.3	0.8	3.0	3.6	2010-05-15_13:30	135.5			1.0	4.7	3.8	4.8
Strdln_Twater_091015-100602_corrd_sm.csv:2010-05-15_14:45	135.6			1.2	1.4	1.1	3.0	3.6	2010-05-15_14:45	135.6			1.0	4.4	3.8	4.8
Strdln_Twater_091015-100602_corrd_sm.csv:2010-05-15_16:00	135.6			1.0	1.3	1.1	3.0	3.6	2010-05-15_16:00	135.6			0.9	4.7	3.8	4.8
Strdln_Twater_091015-100602_corrd_sm.csv:2010-05-15_17:15	135.7			0.8	1.4	1.5	3.0	3.6	2010-05-15_17:15	135.7			0.7	4.4	3.9	4.8
Strdln_Twater_091015-100602_corrd_sm.csv:2010-05-15_18:30	135.7			0.6	1.5	1.7	3.0	3.6	2010-05-15_18:30	135.7			0.6	4.6	3.9	4.8
Strdln_Twater_091015-100602_corrd_sm.csv:2010-05-15_19:45	135.8			0.4	1.4	2.3	2.9	3.6	2010-05-15_19:45	135.8			0.4	4.3	3.9	4.8
Strdln_Twater_091015-100602_corrd_sm.csv:2010-05-15_21:00	135.8			0.2	1.5	2.3	2.9	3.6	2010-05-15_21:00	135.8			0.3	4.8	3.9	4.8
Strdln_Twater_091015-100602_corrd_sm.csv:2010-05-15_22:15	135.9			0.0	2.0	2.8	2.8	3.6	2010-05-15_22:15	135.9			0.1	4.7	3.9	4.8
Strdln_Twater_091015-100602_corrd_sm.csv:2010-05-15_23:30	135.9			0.0	2.1	2.8	2.8	3.6	2010-05-15_23:30	135.9			0.1	4.4	3.9	4.8
Strdln_Twater_091015-100602_corrd_sm.csv:2010-06-01_00:30	152.0			6.6	6.6	6.7	6.7	6.7	2010-06-01_00:30	152.0			8.2	8.2	8.1	7.5
Strdln_Twater_091015-100602_corrd_sm.csv:2010-06-01_01:45	152.0			6.4	6.4	6.5	6.6	6.7	2010-06-01_01:45	152.0			8.0	8.0	8.0	8.0
Strdln_Twater_091015-100602_corrd_sm.csv:2010-06-01_03:00	152.1			6.1	6.1	6.3	6.4	6.6	2010-06-01_03:00	152.1			7.9	7.8	7.8	7.8
Strdln_Twater_091015-100602_corrd_sm.csv:2010-06-01_04:15	152.1			5.9	5.9	6.2	6.2	6.5	2010-06-01_04:15	152.1			7.7	7.7	7.7	7.7
Strdln_Twater_091015-100602_corrd_sm.csv:2010-06-01_05:30	152.2			6.0	6.2	6.2	6.2	6.3	2010-06-01_05:30	152.2			7.6	7.6	7.6	7.6
Strdln_Twater_091015-100602_corrd_sm.csv:2010-06-01_06:45	152.2			6.0	6.0	6.2	6.1	6.2	2010-06-01_06:45	152.2			7.5	7.5	7.4	7.4
Strdln_Twater_091015-100602_corrd_sm.csv:2010-06-01_08:00	152.3			6.0	6.0	6.1	6.2	6.2	2010-06-01_08:00	152.3			7.4	7.4	7.3	7.3
Strdln_Twater_091015-100602_corrd_sm.csv:2010-06-01_09:15	152.3			6.2	6.2	6.1	6.2	6.2	2010-06-01_09:15	152.3			7.4	7.4	7.4	7.3
Strdln_Twater_091015-100602_corrd_sm.csv:2010-06-01_10:30	152.4			6.0	6.0	6.0	6.0	6.2	2010-06-01_10:30	152.4			7.4	7.4	7.4	7.3
Strdln_Twater_091015-100602_corrd_sm.csv:2010-06-01_11:45	152.4			6.1	6.1	6.2	6.1	6.1	2010-06-01_11:45	152.4			7.5	7.5	7.4	7.3
Strdln_Twater_091015-100602_corrd_sm.csv:2010-06-01_13:00	152.5			6.2	6.2	6.2	6.1	6.1	2010-06-01_13:00	152.5			7.6	7.6	7.5	7.2
Strdln_Twater_091015-100602_corrd_sm.csv:2010-06-01_14:15	152.5			6.3	6.4	6.5	6.3	6.1	2010-06-01_14:15	152.5			7.7	7.7	7.4	7.2
Strdln_Twater_091015-100602_corrd_sm.csv:2010-06-01_15:30	152.6			6.6	6.7	6.7	6.6	6.1	2010-06-01_15:30	152.6			8.0	7.9	7.5	7.2
Strdln_Twater_091015-100602_corrd_sm.csv:2010-06-01_16:45	152.6			6.4	6.5	6.5	6.4	6.1	2010-06-01_16:45	152.6			8.0	8.0	7.7	7.2
Strdln_Twater_091015-100602_corrd_sm.csv:2010-06-01_18:00	152.7			6.3	6.3	6.7	6.8	6.2	2010-06-01_18:00	152.7			8.2	8.1	7.5	7.2
Strdln_Twater_091015-100602_corrd_sm.csv:2010-06-01_19:15	152.8			6.3	6.4	6.5	6.7	6.2	2010-06-01_19:15	152.8			8.2	8.2	7.6	7.2
Strdln_Twater_091015-100602_corrd_sm.csv:2010-06-01_20:30	152.8			6.4	6.4	6.5	6.5	6.2	2010-06-01_20:30	152.8			8.3	8.2	7.7	7.1
Strdln_Twater_091015-100602_corrd_sm.csv:2010-06-01_21:45	152.9			6.3	6.4	6.2	6.3	6.2	2010-06-01_21:45	152.9			8.2	8.2	7.7	7.2
Strdln_Twater_091015-100602_corrd_sm.csv:2010-06-01_23:00	152.9			6.3	6.2	6.0	6.2	6.2	2010-06-01_23:00	152.9			8.2	8.2	7.8	7.1
